100
0 720 1040 1137 1143 1208 1405 1422 1462 1555 1622 1687 2080 2257 2498 2556 2914 2939 3068 3580 4313 5136 5359 5469 5561 5583 5905 6371 7532 8549 9299
1 61 159 180 237 251 281 347 377 396 425 464 505 533 600 633 831 946 1185 1403 1440 1581 1632 2061 2140 2241 2421 2572 2902 2908 3198 3369 3747 3912 3961 4040 4589 4703 5247 5367 5515 7269 7292 7597 9030
2 17 24 27 28 33 35 44 62 85 94 179 181 214 221 264 346 351 362 390 458 536 635 642 699 805 868 929 940 1072 1352 1437 1524 1562 1756 1971 2145 2244 2264 2296 2741 2857 3199 3774 3818 4063 4859 5472 5659 8156 8528 9301
3 447 768 945 1062 1239 1288 1362 1456 1992 2078 2738 2784 2805 2840 2942 2992 3034 3097 3330 3444 3478 3574 3603 4009 4959 5519 5803 5817 6166 6702 8131 8295 8948
4 941 1013 1637 1655 1664 1956 2392 2436 2437 2460 2894 3033 3056 3151 3175 3380 3646 3682 4191 4549 5161 5196 6913 7287 8401 8901
5 97 149 240 285 286 295 500 648 711 716 786 864 953 1051 1076 1173 1209 1246 1277 1390 1648 1743 2056 2491 2608 2614 2627 2785 2918 2960 3206 3246 3302 3391 3392 3863 3878 4089 4314 6037 7176 7915 8044 8270 8332 9447
6 13 30 40 50 75 108 112 122 137 143 170 172 283 364 378 391 401 441 465 498 585 634 684 773 853 859 876 954 1033 1184 1334 1457 1476 1871 2196 2431 3131
7 21 46 47 49 63 66 89 102 107 109 124 130 139 145 158 184 191 192 195 198 201 229 250 275 288 303 353 393 459 461 597 611 659 687 756 933 992 999 1315 1332 1447 1452 1805 2169 2744 2768 3054 3600 4023 4371 4848 5429
8 920 1024 1287 1309 1345 1588 1901 2042 2233 2308 2508 2531 2622 2854 2988 3179 3494 3765 3969 4152 4334 5302 5311 5620 6422 6812 6837 7078 7250 8149 8770 8819 9356
9 232 340 468 656 676 808 873 1158 1393 1518 1602 1661 1790 1812 1860 1949 2006 2017 2024 2053 2065 2079 2170 2258 2397 2562 2652 2721 2726 2730 2735 2820 2923 2925 3161 3180 3224 3346 4308 4390 4421 4459 4565 4938 5200 5225 5349 5450 5605 5621 5641 5998 6304 6718 6729 7003 7147 7211 7401 7518 7878 8034 8322 8835 9382 9652 9993
10 560 620 802 823 870 874 911 1560 1660 1667 1707 1727 1739 1848 2405 2411 2628 2804 2871 2872 2896 2921 2950 3030 3071 3170 3477 3890 4106 4137 4317 4545 4872 4985 5463 5908 5926 6543 6736 8183 8860 9053 9086 9890
11 41 48 54 64 91 93 111 117 125 136 142 206 236 248 327 371 372 452 475 477 653 657 762 810 844 902 934 1155 1183 1483 1566 1834 2104 2261 2956 3204 3239 3591 3661 5205 7559 8992
12 163 413 421 423 427 573 595 613 624 632 701 731 736 790 803 878 910 1038 1082 1084 1226 1229 1298 1401 1613 1791 1906 2007 2159 2177 2226 2529 2682 2697 2709 2757 2824 3295 3635 3887 4514 4917 5534 5634 6042 6178 6992 7037 7742 7929 8834 9246 9322
13 1261 1271 1293 1553 1677 2055 2429 2464 2466 2546 2568 2725 2790 3324 3666 3989 4572 4723 5206 5532 5834 6703 7162 7474 8888 8904
14 1237 1542 1641 1813 2119 2181 2205 2286 2560 2636 3000 3001 3070 3162 3450 3549 4034 4188 4594 4667 4750 5721 5845 5850 5945 6063 6158 6274 6431 6786 6830 7226 7884 8168 8388 8806 8965 9206 9353 9559 9868
15 42 92 113 120 182 202 219 265 280 306 361 368 438 450 513 537 561 601 628 660 672 767 772 863 982 1027 1124 1766 2114 2291 2330 2707 3082 3141 3378 4273 4288 4810 4819 4885 5101 5482 6086 6222 7151 7461 7585 7832 9485 9572 9957
16 418 848 1116 1455 1709 1748 1754 1811 1995 2001 2096 2247 2733 2751 2767 2832 3255 3528 3577 3632 3715 3950 5222 5557 5617 6281 6630
17 547 617 665 759 1030 1162 1206 1279 1396 1498 2010 2033 2072 2221 2232 2342 2355 2497 3021 3289 3597 3889 3904 3923 3955 4167 4343 4493 4533 4607 4705 5108 5278 5404 5760 5893 5954 6049 6378 8015 9470 9803
18 204 741 879 1960 2036 2128 2154 2929 3036 3233 3258 3410 3575 3688 3814 3888 3929 4102 4160 4275 4558 4781 4824 5421 5533 5576 6475 6501 6658 6787 7482 7557 7747 7984 8100 8123 8616 8703
19 1018 1145 1181 1341 1873 1938 2023 2133 2193 3012 3127 3573 3699 3783 3797 4483 4546 4684 4712 4940 5167 6580 7893 8066 8225 8567 9977
20 491 618 640 748 937 958 967 1052 1067 1168 1169 1212 1281 1290 1404 1638 1678 1698 1726 1768 1771 1817 2047 2100 2150 2153 2604 2659 2849 2930 2979 3052 3172 3286 3441 3497 3533 3718 3996 4067 4225 4282 4408 4605 4662 4688 5514 5522 5526 6362 6373 6934 7048 7069 7081 7217 7347 8364 8454 9009 9519 9521 9562 9749
21 99 134 233 276 325 386 389 398 403 469 474 567 606 683 705 730 749 845 1087 1098 1103 1152 1245 1350 1445 1513 1540 1859 1948 2049 2420 2573 2582 3158 3235 3251 3262 3880 4100 4837 5554 5616 5985 6115 7242 7382 8360
22 133 207 224 486 512 658 685 703 787 794 821 822 843 888 893 964 1307 1310 1423 1547 1666 1775 1851 1853 1961 2000 2045 2190 2304 2450 2577 2843 3211 3350 3361 3379 3543 3726 3981 4103 4430 4520 4609 4863 5110 5565 5848 6404 7267 7508 7798 8226 8955 9081 9425 9517
23 56 252 462 479 572 622 645 671 678 866 885 1046 1071 1086 1118 1351 1407 1412 1429 1438 1828 1981 2142 2198 2202 2579 2664 2852 2922 2948 2980 3066 3257 3284 3525 3700 3839 4350 4994 5336 6131 6644 6882 7607 7658 8116 8138 8802 8969 9888
24 104 128 185 188 203 269 305 426 535 542 605 644 654 680 725 769 871 904 977 1011 1066 1174 1195 1253 1284 1286 1321 1376 1454 1477 1584 1629 1845 1972 2060 2136 2168 2187 2214 2374 2692 2758 2812 3046 3447 3455 3483 3563 3598 3706 5333 5395 5643 6138 6238 6335 6347 7086 7373 7387 8139 9335
25 1199 1234 1490 1645 1722 1893 1965 2188 2255 2398 2494 2542 2587 2663 2712 2737 2794 2947 3196 3254 3394 3479 3964 4094 4311 4722 5538 6434 6813 7322 9677
26 25 84 144 183 187 210 222 299 313 328 336 342 379 409 415 446 488 502 526 669 778 890 907 923 993 1019 1330 1333 1388 1420 1656 1850 1936 1967 2052 2419 2809 3194 3475 3532 3540 4070 4090 4335 4704 4807 4813 5041 5959 6369 6577 8152 9351 9542 9710 9927
27 151 164 228 320 322 376 411 417 431 443 552 575 623 626 661 667 739 849 855 901 1004 1037 1091 1117 1192 1221 1301 1365 1463 1522 1529 1718 1732 1735 1953 1954 2020 2116 2171 2180 2231 2780 3582 4403 4510 4962 4978 5295 6668 7033 8438 8761
28 148 234 258 272 294 383 471 478 492 576 612 621 688 743 791 836 914 931 975 980 1001 1074 1140 1150 1459 1494 1788 1917 2048 2329 2356 2819 3458 3768 4104 5626 7708 8993
29 223 270 274 290 329 360 442 453 490 496 569 650 727 793 880 1000 1015 1149 1378 1537 1697 1803 1866 1908 2087 2099 2123 2439 2887 3201 3315 3571 3903 3941 4044 4632 5033 5160 5195 7303 9199
30 602 610 625 1026 1060 1132 1326 1610 1693 1759 1818 1904 1933 2076 2141 2234 2272 2277 2385 2647 2729 2808 3913 4378 4491 4612 4801 5014 5066 5484 5864 5912 7209 8427 8699 8740 9557
31 16 58 73 96 105 141 263 273 301 302 399 408 445 463 499 506 529 531 549 557 582 590 694 697 735 809 881 985 1065 1093 1106 1159 1231 1320 1349 1528 1549 1734 1783 1793 1911 1914 1989 2185 2504 2919 3008 3676 3697 4397 4487 6141 6572 7218 7454 8219 8707
32 34 60 83 116 162 186 215 220 231 239 262 307 318 321 339 420 435 493 520 615 619 663 709 717 797 812 824 830 857 1008 1031 1200 1558 1725 1780 1884 2402 2486 2526 2841 3053 3069 3160 3398 3470 3489 4157 4364 4741 5051 5448 5921 7013
33 924 973 1141 1224 1354 1427 1444 1592 1696 1763 1900 2215 2338 2425 2447 2547 2555 2666 2710 2845 2933 3119 3374 3498 3513 3639 3686 3741 4172 4196 4624 4676 4820 4925 4953 5255 5264 5434 5545 5754 6050 6111 6539 6924 6946 7437 7866 8488 8751 8787 8853 9639 9716 9896 9933
34 333 892 926 956 1007 1338 1372 1534 1575 1665 1742 1747 1878 1942 2300 2319 2690 2713 2873 2954 2975 2985 3240 3764 3782 3794 3911 3949 4133 4310 4417 4539 4596 4817 4895 4977 5312 5699 6486 6571 6604 6762 7279 8076 8430 8541 9205 9824 9894
35 696 1585 1842 1844 1856 1885 2032 3236 3388 3560 3622 4112 4207 4428 4472 4608 4622 4710 4765 5552 5715 6012 7378 8313 8315 8612 8973
36 1133 1214 1238 1458 1616 1797 1940 2037 2097 2151 2488 2694 2795 2971 3173 3287 3505 4585 4674 4984 5193 5823 7591 9043 9798
37 166 369 385 395 524 594 647 681 712 838 865 886 968 989 1080 1081 1089 1100 1177 1222 1233 1269 1278 1343 1358 1414 1446 1508 1556 1579 1921 1986 1996 2073 2147 2248 2268 2430 2444 2453 2612 2787 3500 4864 4974 5084 5862 6523 7367 9346
38 416 1882 2095 2297 2518 2661 2880 3252 3480 3490 3811 3926 4032 4340 4361 4535 4599 4981 5144 5419 6229 6411 6412 7924 9574 9906
39 439 728 979 1101 1111 1171 1197 1251 1292 1369 1481 1520 1546 1652 1744 1821 1854 1930 1973 2077 2125 2138 2207 2222 2383 2387 2416 2503 2523 2657 2688 2811 3121 3623 3751 3813 4028 4098 4302 4388 4768 5270 5381 5391 5480 5705 6058 6234 6440 6756 6817 7104 7108 7593 8316 9194 9420 9611
40 317 388 405 777 972 1047 1053 1382 1383 1715 1787 1846 1880 2423 2442 2566 2648 2745 3098 3195 3753 3915 3917 4734 4849 4920 5409 6847 8407 9786
41 205 382 516 627 643 814 942 1058 1148 1211 1213 1262 1322 1497 1511 1723 1751 1755 1932 1964 2027 2219 2270 2456 3135 3752 3790 3866 3884 4255 4728 4858 5277 5580 5801 5982 6265 8267 9039
42 588 708 935 1263 1366 1449 1539 1643 1789 1898 2344 2373 2400 2415 2514 2862 2931 3019 3124 3234 3585 3988 4186 4379 4568 4736 5154 5412 5539 5772 5860 5973 6939 7360 7854 8654 8929 8931 9338 9701 9897
43 1056 1128 1259 1375 1473 1876 1988 2094 2117 2306 2315 2611 3164 3446 3488 3743 3886 3891 4016 4680 5249 6249 6352 7038 7112 8629 9359 9613
44 1070 1379 1561 1651 1849 2050 2082 2203 2563 2603 2813 2884 2970 3004 3711 3819 3852 4127 4223 4844 4915 5162 5299 5555 5681 5804 5936 6228 6259 6261 6524 6532 6689 7509 7594 7869 8056
45 0 1 2 6 8 9 10 11 12 14 18 22 23 26 29 31 32 43 51 52 55 59 67 79 81 82 103 114 121 123 132 135 138 193 243 309 330 332 554 655 899 1122 1510 1881 2120 4226 4266 5661 6459 6698 7055 7548
46 884 925 1247 1324 1356 1392 1451 1569 1594 1692 1928 1944 2167 2446 2662 2782 3059 3264 3360 3677 3976 4148 4372 4686 4755 4814 5339 5374 5402 5788 5970 5974 6181 6366 6705 7408 8160 8177 8706 9010 9021 9511 9548 9731 9883 9902
47 129 740 883 995 1048 1249 1347 1582 1642 1680 1689 1913 2208 2358 2364 2391 2403 2413 2471 2571 2685 2770 2916 3041 3106 3139 3426 3448 3514 3621 4060 4140 4336 5182 5388 5497 5511 5874 5910 5990 6534 6684 6930 7354 7636 7773 8429 8489 8719 8933 9430 9732 9768 9823
48 483 745 751 936 990 1057 1069 1104 1163 1283 1302 1312 1344 1371 1384 1394 1554 1593 1729 1809 1810 2041 2178 2249 2305 2325 2345 2593 2740 2825 2905 2920 2955 3242 3359 3561 3684 3825 4247 4448 4497 4672 4799 4828 4923 5728 5843 7384 7569 8334 8355
49 675 763 839 895 959 969 996 1107 1186 1325 1557 1604 1653 1671 1767 2238 2239 2516 2864 3190 3303 3332 3499 3662 4164 4276 4331 4358 4410 4435 4436 4613 4615 5158 5221 5305 5895 6059 6962 7304 7709 7718 7827 7970 8030 8450 9391 9713
50 788 817 827 834 919 986 1359 1391 1482 1493 1574 1599 1710 1784 1814 1891 2070 2292 2469 2513 2743 2941 3443 4096 4139 4242 4623 4659 4761 4995 5210 6755 6828 8739 8864 9459 9649
51 1342 1631 1982 2266 2613 2826 2938 3084 3390 3634 3722 4433 4470 4847 4946 5060 5230 5501 5542 5612 5977 6237 6463 6877 7140 7404 7694 8132 8783 9213 9234 9361 9365 9610
52 917 1022 1139 1179 1448 1578 1899 2066 2165 2184 2327 2512 2625 2974 2987 3615 3761 4611 4639 6161 6552 6682 7451 7768 9770
53 70 74 110 171 216 246 254 289 380 534 674 679 755 760 785 800 807 846 898 927 1077 1097 1136 1207 1218 1228 1296 1313 1360 1408 1434 1590 1704 1762 1894 1985 2218 2313 2538 3016 3038 3102 3215 3243 3358 3395 3698 4478 4525 5150 6035 6051 6092 6126 7291 7712 7791 8309 8660 9225 9551
54 451 826 1039 1489 1514 2501 2541 2589 2816 3117 3256 3419 3729 3934 4088 4181 4552 4742 4787 4793 5020 5147 5427 6015 6043 6621 6651 7110 7238 7399 7759 7905 8058 8474 8491 9146 9162 9840
55 80 88 115 146 161 189 208 225 244 337 366 370 374 394 402 412 414 437 522 579 584 662 747 860 900 909 978 1096 1151 1270 1516 1587 1691 1733 2448 2651 2847 4507 4650 5055 5285 5603 5664 6478 6809 6887 7293 8147 9765
56 242 481 707 719 781 804 816 825 856 948 950 966 1021 1063 1194 1198 1600 1690 1800 1806 1832 1840 1890 2044 2220 2451 2746 2810 2943 3006 3210 3338 3416 3756 3796 5276 7499 8114 8402 8702 9915
57 19 20 53 126 196 197 200 218 268 296 335 349 358 375 404 422 429 448 480 484 721 738 780 962 1336 1389 1424 1442 1461 1506 1626 1778 1877 2134 2348 2683 2759 2961 3613 3807 3831 3975 4035 4099 4618 6452 6565 6616 6979 6986 7546 7918 8672
58 806 850 939 1191 1603 1731 1824 1827 2064 2155 2619 2748 2986 3125 3148 3516 3773 4111 5598 5769 5838 6424 6959 7170 7605 7922 9073 9175 9183 9512 9837
59 1025 1059 1264 1728 1997 2043 2479 2485 2629 2732 2783 2866 3101 3226 3372 3843 3908 3952 4646 4913 5459 6246 6527 6676 6726 6799 6927 7987 8146 9231 9740
60 297 525 758 951 1131 1280 1439 1504 1909 1912 1927 2025 2089 2157 2312 2545 2815 3126 3319 3387 3616 4021 4373 4538 5181 5269 5916 5971 6307 6848 7337 9128 9271
61 213 266 444 456 530 564 566 795 815 916 984 988 1029 1156 1227 1299 1460 2014 2092 2410 2592 2649 2769 2976 3624 3626 4865 5751 5882 6467 7064 7433 7672 8614 9294 9722
62 495 528 710 761 1002 1187 1373 1503 1586 1674 1753 1826 1922 2004 2091 2106 2363 2500 2521 2616 2698 2715 2762 2853 2858 3044 3232 3270 3363 3428 3429 3604 3870 3907 3927 3970 4413 4498 4532 4606 4982 5284 5406 5432 5876 5887 5951 6169 7375 7624 7966 8480 9285 9502 9634
63 570 971 976 1054 1123 1303 1675 1779 1869 2122 2158 2217 2287 2359 2467 3100 3112 3248 3249 3337 3349 3423 3642 3871 3991 4046 4540 4636 4803 4880 5489 5559 5579 5779 6024 6267 6481 6730 6879 7121 7492 7809 7892 8200 8543 8897 8947 9204 9616 9990
64 784 1005 1167 1323 1443 1499 1605 1647 1852 1855 1887 1968 2223 2406 2705 2913 2958 3032 3260 3317 3568 3608 3710 5253 5355 5451 5585 5597 5707 5708 5840 5859 6536 6672 6767 6769 7816 7837 7859 8713 9211 9305 9584
65 432 580 818 835 908 963 1014 1108 1146 1230 1377 1385 1467 1491 1515 1623 1628 1679 1694 1903 1934 2200 2525 2706 3067 3860 4852 4854 5720 6147 6460 6691 7275 7414 8055 9017 9592 9831
66 457 930 947 1102 1115 1164 1250 1289 1413 1418 1686 1708 2139 2204 2311 2761 2959 3096 3193 3486 3572 4047 4061 4129 4477 4696 4699 4744 4964 5902 6656 6952 7007 7325 7674 7868 8012 8688
67 36 37 65 71 77 78 118 152 155 157 160 212 217 226 284 308 323 343 344 387 400 511 519 574 614 631 670 702 704 722 746 921 952 981 1119 1204 1225 1386 1387 1521 1564 2143 2700 2823 3142 3266 3293 3348 3389 3467 3517 3692 3767 3769 4554 7537 8080 8215 9886
68 279 314 324 357 384 424 509 517 592 604 689 724 887 1078 1202 1428 1436 1466 1577 1669 1711 1888 2090 2112 2152 2206 2216 2262 2265 2487 2681 2837 3938 4724 4919 5286 5667 5872 5999 6163 6359 6745 6747 7342 7850 8241 8466 8733 8911 9360
69 1488 2259 2367 2381 2401 2927 3058 3169 3464 3594 3640 3820 3901 4008 4124 4423 4582 5170 6662 6686 6692 6775 7281 7301 8180 8738 8966 9718
70 176 253 315 367 410 577 629 666 840 1113 1165 1203 1295 1486 1706 1815 2121 2399 2609 2634 2720 2883 2973 3028 3931 4455 5564 5724 5797 9372 9678
71 150 350 523 541 546 571 581 651 692 723 729 799 833 854 903 906 1099 1272 1568 1607 1721 1925 2212 2360 2477 2591 2633 2650 2684 2696 3003 3424 3659 3953 4131 4656 4881 5447 6018 8019
72 428 591 664 798 1035 1190 1215 1397 1416 1509 1758 1889 1931 1993 2029 2195 2224 2433 2507 2859 3231 4630 4929 5038 5376 5853 6655 6961 7589 7797 7862 7986 8184 8735 9478
73 1003 1129 1311 1317 1472 1484 1573 1611 1875 2201 2346 2689 2703 2860 3403 3425 3824 3826 3862 4524 4645 4726 5357 5627 5763 6188 6310 6327 6367 6410 6518 6589 6735 6964 7458 7497 7530 7732 9794
74 690 811 991 1182 1188 1210 1304 1346 1435 1596 1886 1963 1979 2156 2166 2274 2427 2624 2848 3502 3618 3759 3895 3943 4325 4427 4429 4597 4797 5011 5346 5553 5637 5686 5914 6097 7774 8365 8520 8875 8938 9543
75 147 165 174 257 392 489 562 583 587 1032 1130 1178 1266 1314 1337 1670 1841 1874 2085 2127 2445 2610 3095 3407 3520 3804 4200 4342 4725 5241 5609 5819 5878 6165 6290 6515 6575 7444 7993 8271 8374 8734 9464 9665 9755
76 556 563 639 867 1045 1160 1426 1441 1501 1533 1538 1836 2105 2275 2708 2844 3060 3182 3228 3279 3357 3408 3567 3595 3596 3849 3853 3992 4150 4374 4530 4878 4941 5141 5313 5415 5494 5615 5805 6068 6174 6288 6392 6402 6753 7090 7371 8095 8380 8635 8988 9317 9421
77 1374 1703 1943 1974 2336 2637 3153 3740 4138 4363 4412 4716 5022 5435 6357 6600 6760 6896 7105 7156 7792 7831 8025 8795 9355
78 261 292 352 467 607 713 765 889 987 1042 1105 1402 1465 1469 1502 1597 1801 1935 2162 2164 2282 2585 2590 2981 3411 3999 4025 4130 4277 4482 4834 5034 5558 6001 6180 6388 6514 6558 6744 6854 7307 7895 9832 9946
79 87 98 140 238 256 260 291 473 476 485 532 673 682 706 782 819 837 894 897 997 1205 1235 1415 1576 1861 1883 1959 2533 2983 3011 3983 4673 5069 5791 6022 9657
80 287 553 695 832 1012 1034 1055 1138 1144 1217 1572 1595 1786 1837 2063 2388 2424 2842 2869 3089 3166 3171 3504 3508 3708 3958 4241 4320 4526 4805 5029 5124 5209 5443 5653 6057 6337 7389 8272 9311 9947
81 95 167 209 259 282 300 311 338 355 359 460 466 527 544 757 764 829 842 858 861 994 1079 1126 1135 1216 1305 1627 1750 1990 2965 3631 4281 5091 6462 8094 8243 8728
82 247 494 565 578 841 1064 1329 1492 1606 1615 1774 1937 1983 2051 2093 2124 2173 2717 2932 2967 3205 3323 3471 3493 3856 4018 4968 5512 6029 6642 7253 7677 7852 7975 8297 8342 8643 8890
83 235 319 365 407 501 514 540 558 589 779 862 970 998 1044 1127 1257 1635 1843 1857 2132 2229 2654 2791 3221 3420 3586 3689 4022 4156 4178 4238 4791 5309 6005 6137 7315 7687 8839
84 86 127 440 455 487 515 775 776 851 1085 1147 1180 1232 1236 1244 1256 1275 1327 1328 1364 1620 1737 1745 1829 2002 2126 2227 2378 2380 2417 2701 3094 3140 3143 3222 3268 3281 3412 3537 4210 4291 4347 4432 4790 4909 5031 5063 5268 5725 7042 7341 7908 9047 9467 9469
85 938 1170 1254 1398 1406 1517 1619 2013 2035 2131 2144 2199 2409 2432 2831 3456 3511 3569 4194 5304 5371 5789 5960 5969 6021 6135 7231 7345 7867 7876
86 3 4 5 7 38 68 72 76 90 100 154 156 178 211 227 230 245 267 271 277 298 310 345 348 381 397 436 510 538 596 598 599 733 961 1017 1114 1153 1294 1300 1468 1591 1601 1702 1757 1896 2175 4537 5773 6087 7584 9514
87 177 326 419 470 518 677 882 949 965 1009 1041 1073 1125 1265 1273 1368 1370 1847 2108 2288 2334 2340 2428 2509 2890 2978 3045 4048 4460 4738 5046 5675 6045 6134 6224 6915
88 278 714 766 869 875 928 957 1223 1532 1570 1571 1795 2209 2271 2295 2316 2372 2475 2552 2674 2718 2739 3400 3730 3879 3924 4171 4479 4500 4804 4841 5326 5361 5507 5546 5668 5778 5931 6831 7092 7117 7481 7727 7734 7777 8461 8465 9208 9358 9593
89 472 508 545 636 726 828 847 912 943 1020 1036 1121 1134 1154 1172 1201 1255 1318 1340 1431 1480 1495 1823 2005 2019 2377 2480 2639 2886 3002 3024 3137 3526 3775 3883 4115 4122 4309 5175 5350 6243 6450 6502 8978 9892
90 331 449 638 646 691 896 905 918 1016 1061 1068 1110 1189 1242 1260 1282 1357 1363 1496 1640 1752 1776 1782 1808 2074 2322 2371 2736 2899 2977 3022 3203 3223 3457 3935 3977 4329 4360 4551 4829 6160 6266 6573 6607 7085 7245 7266 7707 8381 9054 9538
91 732 792 1083 1166 1419 1500 1567 1688 1746 1978 2021 2250 2426 2452 2455 2492 2665 2972 3229 3244 3318 4081 4195 4245 4289 4370 4575 4581 4770 5275 6405 6582 7600 8287 8307 8324 9127 9167
92 45 57 106 169 190 194 255 293 304 316 356 507 521 551 698 715 744 752 774 789 796 1583 1673 1714 1765 1772 1799 1804 1862 1958 1991 2067 2191 2298 3025 3299 4221 5329 7776 7977 8801 9138
93 750 913 1010 1075 1109 1421 1525 1527 1683 1822 1839 1951 2071 2285 2333 2493 2517 3406 3535 4219 4300 4319 4772 7243 7564 8389 9040
94 801 820 932 960 1142 1193 1267 1544 1663 1741 1865 2254 2550 2551 2576 2601 2882 2968 4299 4425 4625 4850 5483 5633 5794 5924 6593 6785 7392 7635 7971 8492
95 652 813 1092 1120 1367 1624 1863 2012 2081 2160 2289 2668 2670 2734 2865 3414 3430 3712 3937 3995 4006 4251 5021 5390 5442 5516 6912 6951 6971 7842 7981 9793
96 131 249 354 504 548 593 609 737 753 771 1175 1316 1339 1361 1417 1526 1563 1950 2003 2088 2235 2240 2309 2638 2702 2797 2818 2949 3673 3881 4184 4914 6376 6783 7995
97 69 241 334 363 373 430 497 543 559 586 603 630 700 734 770 983 1049 1095 1112 1258 1395 1478 1548 1621 1738 1777 1807 1868 1872 2245 2653 2889 3114 3311 3397 3858 4142 4301 4947 5582 6062 6082 6102 6361 6379 7155 9630 9691
98 341 434 641 649 668 693 718 915 955 1006 1050 1090 1161 1319 1410 1450 1487 1545 1658 1672 1705 1736 1825 2008 2039 2148 2246 2395 2728 3065 3351 3564 4337 5394 6201 6628 7173 7753 8349 9155 9567 9782
99 15 39 101 119 153 168 173 175 199 312 406 433 454 482 503 539 550 555 568 608 616 637 686 742 891 1023 1088 1274 1530 1541 1550 1608 1612 1902 1966 2163 2293 2337 2478 3057 3110 3304 3791 4258 4818 4869 5851 6385 7234 7959
