100
0 518 675 893 909 935 1009 1029 1143 1208 1295 1346 1368 1422 1522 1563 1742 1884 1973 2071 2108 2288 2498 2825 2841 2849 3604 4048 4319 4589 5359 5675 7013
1 917 995 1045 1273 1403 1526 1622 1787 1847 1876 2042 2045 2061 2215 2270 2308 2333 2334 2531 2622 2902 2908 2916 3068 3160 3450 3580 3597 4320 5011 5046 5246 5519 5865 6045 6682
2 883 1075 1092 1156 1162 1303 1379 1406 1500 1613 1629 1690 1706 1707 1832 2004 2051 2173 2346 2378 2451 2682 2810 3210 3374 3673 3796 3884 4102 4241 4618 4859 5472 5558 8243
3 98 106 115 116 122 127 129 130 132 137 141 143 144 147 159 161 165 170 172 173 174 177 179 187 199 205 225 227 252 253 316 356 2371
4 908 1032 1040 1257 1264 1624 1637 1648 1655 1800 1853 2143 2232 2392 2431 2460 2478 2654 2670 2706 3348 3511 3682 3751 4146 4157 4178 4238 4549 4791 8055 8401
5 416 711 937 1024 1076 1148 1274 1327 1437 1550 1693 1725 2151 2254 2337 2614 3021 3161 3246 3304 3391 3513 3797 3878 3881 3912 4552 4914 5063 5278 5553 5782 8044
6 346 351 353 360 364 392 399 401 408 430 446 447 459 470 489 529 534 551 553 579 582 590 659 689 752 815 906 907 1434 9502
7 186 201 207 249 250 263 270 289 303 331 350 380 381 393 398 406 417 450 481 526 569 597 634 643 722 725 807 817 839 880 933 948 1198 1754 1902 1951 2169 3794 5429
8 1178 2140 2172 2243 2315 2561 2627 2928 2960 3137 3765 3815 3862 3932 3958 4151 4346 4703 5302 5313 5469 5515 5530 6628 6711 6890 6939 6981 7135 7597 7798 8080 8156
9 516 676 828 983 1112 1158 1203 1367 1393 1398 1449 1486 1517 1562 1619 1814 1944 2024 2144 2312 2741 2925 3551 4390 4459 4606 4962 6304 6307 6729 7231 8322
10 1534 1544 1564 1700 1739 1748 2414 2850 2892 2921 2932 3083 3094 3360 3477 4009 4137 4317 4432 4546 4642 4790 4872 5725 5916 5926 6229 6736 7756 7867 8843 9890
11 313 324 373 379 388 428 461 463 472 477 490 496 505 515 533 568 592 600 631 633 724 750 760 772 805 806 899 1073 2433 4977
12 656 1101 1179 1292 1305 1481 1546 1705 1744 1821 1849 1960 2036 2177 2202 2387 2529 2657 2666 2688 2842 2854 3114 3121 3813 3814 3983 4160 5634 5915 6022 6037 6234 6756 8334
13 1540 1686 1981 2429 2793 2911 2922 3572 3712 3747 3811 3943 4001 4051 4350 4397 4699 4723 4840 4911 5120 5604 5834 6036 6131 6644 6703 6943 7027 7918 8688 8743 9677
14 1022 1214 1455 1475 1670 1750 1995 2003 2286 2768 2983 3000 3500 3548 3591 3711 3842 4188 4196 4848 5222 5791 5845 6158 6463 6577 6658 6662 6830 7147 7155 7791 8076 8660 8806 9559 9894
15 574 704 821 901 920 1047 1221 1225 1365 1463 1588 1607 1680 1683 1692 1822 1882 1896 2193 2233 2359 2638 2649 2913 2976 3221 3389 3730 4152 4337 4819 5041 5361 5819 5960 6137 6243 7585
16 833 886 999 1050 1081 1100 1189 1207 1278 1280 1452 1579 1590 1641 1803 1811 1985 2096 2205 2316 2751 3009 3070 3201 3228 3243 3577 3632 4362 4968 4974 7367
17 458 536 561 602 617 638 665 716 751 753 763 813 864 996 1046 1270 1279 1352 1390 1433 1498 1554 1574 1667 1726 1743 1927 1934 2033 2067 2072 2145 2171 2296 3223 3289 3923 3977 4167 4493 4807 5108 5893 6049
18 741 1226 1243 1525 1695 1930 1949 2128 2138 2154 2227 2416 2811 2986 3045 3127 3233 3575 3929 4275 4299 4781 5421 5969 6440 6531 7482 7593 7984 8444 8616 9246
19 985 1341 1569 1612 1657 1786 1794 1795 2266 2358 2428 2546 2555 3195 3428 3625 3699 3919 4063 4512 4685 4712 4940 4978 5014 5182 5294 5306 5752 5855 5878 6543 6748 7042 8429 8761 9335
20 630 748 859 918 1005 1018 1117 1155 1160 1212 1253 1330 1338 1363 1404 1458 1474 1514 1528 1611 1638 1660 1678 1741 1771 1817 1996 2005 2344 2843 3003 3866 5609 5973
21 1222 1261 1451 1490 1577 1708 1775 1778 1888 2011 2055 2198 2420 2517 2587 2603 2624 2848 3324 3494 3573 3989 4482 4609 4770 4864 5547 5554 6684 6702 6952 7325 7337 9556
22 512 560 605 674 685 769 1004 1132 1173 1267 1290 1310 1405 1423 1547 1698 1805 1851 2125 2250 2258 2304 2336 2503 2533 2594 2942 3098 3379 3385 3504 3791 4103 4138 4430 4683 5872 7293 7624 8160 8733 8955 9517
23 352 411 467 623 930 986 1086 1087 1103 1152 1250 1345 1413 1418 1421 1499 1597 1642 1793 1925 2190 2241 2282 2464 2568 2852 3066 3257 3676 4477 6459 6558
24 294 620 684 708 832 873 904 925 990 1119 1134 1187 1191 1195 1237 1325 1356 1357 1386 1441 1573 1728 1745 1772 2056 2060 2064 2168 2187 2577 2692 2737 2758 2785 3022 3046 3119 3171 4223 7373
25 944 1553 1722 2255 2307 2321 2466 2699 2709 2724 2816 2978 3254 3394 3666 3880 3889 3933 4060 4094 4225 4722 5482 5532 5681 5763 5874 6015 6434 6813 7209 7242 7322 8360
26 383 403 479 486 501 616 683 714 737 871 1011 1098 1186 1332 1350 1388 1396 1527 1656 1859 1872 2114 2271 2295 2492 2566 2639 2715 2739 3030 3387 3955 4070 4300 6783 7092 8614
27 1146 1301 1329 1385 1529 1539 1621 1718 1735 1839 1922 1954 2231 2287 2514 2582 2765 2769 2805 2889 3059 3205 3266 3467 3517 3663 3969 4006 4510 4852 4854 5412 5829 6812 7414 8567
28 167 189 192 197 220 237 239 242 243 258 259 262 264 265 267 272 282 283 287 291 300 301 309 318 322 332 347 412 421 432 709 900 5921
29 438 504 523 571 661 771 924 1351 1361 1378 1489 1491 1532 1711 1766 2000 2041 2087 2121 2212 2240 2291 2363 2650 2681 2684 2700 2720 2837 3158 3764 4226 4724 4881 5020 5620 5999 6043 7607
30 1060 1170 1182 1188 1649 1717 1759 1983 2116 2277 2427 2516 2522 2527 2599 2808 4104 4117 4325 5417 5666 5914 6502 6820 7774 8241 8740 9360
31 66 67 68 72 73 74 77 80 81 82 84 86 87 89 90 92 96 97 99 100 101 105 108 112 113 119 121 125 128 142 145 867
32 53 61 76 78 79 85 88 91 93 95 102 103 107 110 114 117 123 124 131 133 135 146 148 152 156 158 162 164 168 169 178 180 181 185 188 193 209 218 554
33 1102 1164 1181 1284 1592 1696 1763 1964 1989 2133 2214 2425 2447 2457 2564 2634 2824 2933 2950 3012 3235 3455 3532 4032 4120 4129 4624 4820 4964 5091 6087 6580 6832 7387 7773 8931
34 541 720 734 834 850 892 936 1007 1085 1231 1232 1244 1256 1283 1312 1394 1414 1466 1575 1587 1599 1752 1921 1971 2126 2292 2319 2399 2430 2469 2477 2612 2633 2847 3222 3768 3911 3949 5850 6571
35 1016 1842 2576 2581 3011 3215 3236 3303 3388 3560 3662 4112 4164 4358 4410 4428 4435 4551 4613 4615 4622 5158 5221 5305 5511 5552 5715 5823 6012 6059 6962 7304 7537 7709 7970 8313 8973 9322 9391 9713
36 967 1006 1094 1268 1293 1669 1797 1919 1940 2037 2059 2070 2591 2659 2979 3230 3483 3505 3808 3996 4171 4282 4705 5193 5329 5330 5502 6210 6555 6767 8454 9574 9798
37 204 340 391 440 455 491 542 548 564 647 687 691 705 723 776 788 819 838 885 888 919 1063 1078 1089 1097 1136 1233 1245 1315 1482 1524 1620 1737 1845 1986 2513 3543 4347
38 385 445 456 488 506 535 562 581 585 611 628 648 730 735 774 799 842 848 853 881 903 915 954 971 1065 1147 1337 1358 1991
39 163 280 413 423 431 434 439 646 678 701 712 728 731 836 870 878 910 964 979 1030 1058 1082 1141 1171 1197 1238 1251 1298 1369 1410 1555 1652 1723 1810 2196 2207 2222 2226 2383 3053 4089 4768 5381
40 972 1031 1439 1581 1715 1790 1864 1900 2080 2327 2365 2475 2490 2550 2795 2865 3400 3411 3753 3761 3915 4734 4841 5021 5507 5672 6044 7117 8332 8407 8890 9208 9883
41 317 365 372 427 448 471 476 480 484 530 531 540 566 577 593 608 627 629 650 651 688 699 738 762 797 831 840 844 916 940 958 998 1012 1442 1548 2014
42 884 1003 1111 1113 1321 1324 1348 1460 1518 1552 1768 1982 1999 2027 2047 2150 2153 2341 2426 2541 2604 2628 2862 3172 3198 3248 3270 3901 4372 4403 5154 6085 7347 7408 7589 7723 8168 8929 9567
43 657 664 740 785 800 803 874 1021 1068 1177 1202 1215 1288 1296 1313 1360 1408 1428 1436 1483 1503 1510 1566 1704 1721 1732 1889 1988 1993 2195 2218 2398 3016 3038 3317 3775 4630 5038 6035
44 1281 1561 1662 1907 2029 2044 2083 2211 2601 2625 2707 2713 2721 2884 2929 2970 3004 3298 3782 3852 4415 4535 5233 5555 5621 5626 5817 6539 6817 7518 7594 7959 8799 9635 9886
45 437 468 469 517 520 544 552 555 575 576 601 622 640 645 655 663 667 686 702 746 755 764 791 801 824 860 861 946 975 978 984 1122 1216 1223 1665 1861 2818 6698 7055
46 1247 1467 1586 1716 1802 1860 1933 2101 2123 2167 2525 2869 3076 3594 3634 3828 3863 4237 4288 4729 4742 5275 5617 5788 5970 6181 7301 7371 7567 8549 9572
47 690 1048 1154 1322 1347 1521 1664 1758 1874 1893 2364 2712 2897 3106 3256 3350 3541 3893 3973 4291 4778 4847 5346 5497 5538 7979 8600 9430 9718
48 703 745 794 835 876 934 981 1057 1093 1129 1159 1234 1302 1462 1593 1643 1653 1729 1809 1846 2063 2305 2345 2730 2955 2988 3019 3025 3684 3708 4247 4497 5209 6964 7384 9073
49 696 897 1061 1440 1504 1516 1585 1604 1694 1767 1856 1883 1885 1928 2089 2239 2567 2610 2782 2954 3332 3499 3537 4207 4301 4331 4374 5895 7378 7677 7718 8450
50 754 827 1236 1326 1359 1594 1645 1784 2050 2081 2106 2229 2377 2563 2743 2752 2762 2787 2832 2867 3126 3131 3443 3529 3741 4150 4242 4476 4532 5309 6169 6828 7797 8702 8969 9952
51 1242 1343 2008 2268 2500 2826 3084 3218 3390 3734 3804 3805 4081 4433 4463 4946 5060 5230 5341 5501 5534 5542 5794 6211 6237 6410 6877 7140 7211 7404 7694 8132 8783 9127 9165 9213 9234 9365
52 1139 1448 1578 1904 1950 2082 2162 2164 2275 2293 2442 2512 2523 2585 2813 2974 3366 3615 3819 3906 3962 4065 4130 4470 4849 4869 5069 5175 5299 5524 5616 5625 5662 5848 5851 6376 6552 6919 7307 7895 9946
53 39 111 118 126 134 136 138 139 140 150 151 157 166 171 183 194 200 206 210 213 215 216 231 234 236 240 241 244 246 248 281 327 1384 1495 3102
54 783 1631 2281 2294 2407 2455 2931 3013 3135 3141 4126 4190 5195 5406 5522 5803 6092 6325 6791 6934 7070 7159 7429 7433 7444 8949 9561 9566
55 572 662 697 727 732 743 782 808 812 830 857 931 932 980 1000 1008 1077 1096 1121 1125 1126 1140 1150 1224 1246 1387 1459 1484 1538 1558 1663 1783 1788 1886 1917 1990 2329
56 271 635 707 719 773 802 822 825 854 855 902 911 966 987 1067 1072 1184 1194 1260 1286 1476 1502 1697 1747 1806 1848 1871 1935 1936 2007 2178 2220 2264 3756 4371 4672 5276 8114 8402
57 94 104 154 160 184 196 202 203 214 221 224 230 247 260 266 284 307 339 349 362 367 378 382 389 404 410 418 422 429 462 513 519 545 868 977 3975
58 939 1091 1149 1366 1457 1647 1823 1827 1887 1914 2053 2155 2203 2249 2476 2497 2593 2619 2662 2857 2882 2985 3125 3369 3514 4539 4596 5031 6424 6462 6604 7548 7922 8355 9175
59 1059 1118 1972 1997 2104 2188 2237 2485 2494 2629 2732 2948 2980 3002 3101 3176 3226 3843 3952 4913 5165 5333 6138 6238 6357 6676 6799 6927 8226 9231 9913
60 811 1513 1542 1568 2025 2545 2573 2815 2914 3001 3229 3292 3410 3464 3478 3891 3981 4020 4047 4181 4404 4413 4538 4565 4837 5125 5236 5945 5977 6063 6190 6411 6718 7165 7341 9030
61 1165 1175 1271 1294 1299 1304 1317 1595 1626 1824 1877 1932 2010 2117 2158 2221 2235 2247 2415 2683 2883 2941 2961 3661 3935 4525 4674 6082
62 692 710 761 865 1070 1169 1213 1349 1373 1376 1382 1383 1468 1627 1651 1674 1675 1738 1753 1826 1953 2079 2521 2745 2853 3065 3251 3429 3488 3907 3924 4498 4500 5055 5546 5760 5876 6847 8734 9957
63 557 570 591 607 759 926 976 1041 1062 1088 1106 1123 1131 1239 1266 1314 1370 1456 1714 1765 1841 1862 2078 2191 2219 2360 2696 3349 3359 3659 4221 4336 5447 5448
64 823 1190 1259 1323 1375 1397 1416 1473 1509 1894 1912 2127 2152 2262 2306 2313 2406 2448 2507 2611 2697 3032 3164 3211 3608 4448 5376 5492 6126 6769 7243 7559 9305 9584
65 547 580 767 818 993 1013 1130 1209 1336 1377 1515 1582 1635 1843 1857 1863 1881 2340 2413 2445 3293 3624 3689 3692 3767 3769 4738 5161 5388
66 1115 1600 1677 1681 1913 1979 2204 2210 2285 2311 2509 2518 2579 2735 2761 3041 3209 3220 3449 3480 3600 3700 3706 3827 4599 4673 4845 5810 6980 7674
67 109 155 190 195 212 228 229 269 278 308 334 335 343 344 375 376 387 390 395 400 433 443 454 457 474 482 503 511 514 567 587 606 637 641 670 742 1017
68 495 604 613 778 790 798 810 826 846 863 887 890 898 962 982 1019 1035 1037 1108 1127 1128 1228 1333 1427 1429 1478 1571 1828 1866 1967 2052 2298 2859 3140 4040 4266
69 1488 1661 2616 2771 2927 3169 3204 3208 3242 3258 3314 3334 3372 3520 3710 4035 4124 4127 4244 4388 4645 4828 5241 5597 5633 5954 6454 6686 6986 7328 8004 8738
70 973 1262 1291 1320 1688 2119 2206 2590 2609 2794 2973 3414 3508 3623 3626 3831 3903 3938 4211 4646 4850 4858 5539 5656 5661 5667 5688 5797 5990 6359 6532 6992 7584 7591 7672 7893 7971
71 30 35 36 37 38 40 41 42 43 44 45 46 47 48 49 50 51 52 54 55 56 57 58 59 60 62 63 64 65 70 71 75 83 120 176 1334 1671 1958
72 219 238 254 261 275 286 296 306 320 325 328 336 341 342 357 358 371 377 397 402 405 409 414 425 435 452 465 502 653 1183 5150
73 1311 1339 1354 1614 1733 1869 1875 2424 2748 2878 2959 2968 3419 3425 3774 3824 3826 3883 3886 4341 4526 4680 5124 5197 5357 5653 5659 5860 6188 6310 6337 6361 6504 6668 7218 7267 7497
74 492 578 621 843 989 992 1026 1066 1079 1084 1133 1172 1210 1435 1447 1596 1610 1615 1818 1906 1963 2112 2156 2272 2356 2385 2471 2812 2967 3618 3759 3895 4255 4429 4801 5526 5985 8770
75 153 175 182 191 208 217 222 232 235 251 255 256 257 268 277 290 293 298 299 302 304 314 323 348 355 384 415 419 442 475 546 549 679 715 6165
76 563 942 1055 1167 1342 1602 1636 1780 2105 2208 2405 2446 2504 2844 2938 2965 3182 3323 3357 3392 3470 3595 3596 3635 3992 4427 4917 5141 5494 5540 6288 7090 7399 8015 8056 8725 8766 9351
77 913 1374 1549 1703 2265 2637 2648 2784 3153 3179 3281 3574 3603 3740 4098 4594 5022 5286 5432 5435 5463 5582 6024 6163 6356 6745 6760 6896 6961 7105 7156 7342 7509 7636 7792 7831 8025 8466 8795 9355
78 386 644 680 758 765 784 793 845 947 961 1042 1109 1249 1316 1371 1402 1417 1445 1496 1865 2049 2088 2142 2199 2479 2664 2702 3535 3571 3839 6001
79 795 847 960 1104 1105 1116 1185 1205 1235 1255 1265 1277 1340 1415 1438 1477 1576 1709 1757 1829 1908 1959 2374 2710 2746 3528 4023 6450
80 804 814 816 969 988 1020 1034 1044 1138 1168 1211 1217 1493 1511 1572 1666 1776 1815 1837 1909 2147 2330 2388 2456 2552 2780 3790 6979
81 618 695 713 736 777 875 914 923 928 1010 1015 1039 1053 1080 1114 1142 1151 1153 1161 1192 1272 1275 1344 1391 1401 1412 1570 1583 1591 1673 1880 2245 2491 2551 3398 3561 3858 4364
82 895 959 1064 1107 1124 1144 1603 1606 1836 2093 2095 2274 2538 2717 3142 3403 3493 3631 3972 4478 4716 4981 5034 5144 5971 6348 6599 6656 7266 7981 8297 9353 9722
83 319 407 497 550 558 565 589 614 652 660 666 671 766 779 849 862 891 963 965 1071 1074 1389 1424 1461 1628 1679 1755 2348 5442
84 905 956 1145 1269 1328 1364 1372 1446 1942 1961 2021 2136 2184 2300 2409 2444 2453 2542 2690 2804 2871 3028 3124 3330 3598 4096 4659 4761 4824 5084 5268 5603 8438 9047 9485
85 1254 1392 2013 2017 2035 2065 2131 2290 2379 2397 2432 2652 2660 2722 2725 2757 2831 3180 3224 3234 3319 3384 3456 4194 4421 4625 5225 5371 5605 5641 6261 7047 8123
86 233 245 279 288 329 330 361 369 424 436 441 473 485 487 498 500 508 509 556 559 584 594 595 596 598 603 625 642 654 658 669 694 729 733 841 851 866 968 1033 7234
87 305 326 426 449 451 464 507 543 610 615 624 677 693 698 717 756 768 809 856 882 945 949 1137 1163 1180 1218 1227 1287 1687 1702 1799 1804 2076 2410 2886
88 211 223 274 292 295 297 333 345 359 396 453 510 525 528 538 539 586 672 700 744 770 789 796 829 858 869 879 889 957 994 1027 1135 1263 1307 1395
89 532 588 636 639 673 682 706 726 749 775 781 787 837 894 912 943 950 997 1036 1099 1201 1300 1318 1407 1480 1601 1734 1948 2120 4281 5350
90 896 929 1054 1110 1282 1309 1560 1808 1974 2020 2201 2209 2366 2411 2718 2919 2939 2977 3100 3203 3249 3299 3376 3457 3642 3871 4100 4329 4793 6573 6607 6689 6879 7085 9054 9204 9538
91 792 1083 1090 1166 1193 1419 1426 1465 1650 1691 1746 1987 2238 2309 2355 2373 2665 2685 2729 2905 3244 3446 3856 4148 4245 4289 4360 5295 6005 6176 7086 7214 8992 9770
92 0 1 2 3 4 5 6 7 8 9 10 11 12 13 14 15 16 17 18 19 20 21 22 23 24 25 26 27 28 29 31 32 33 34 69 583 3097
93 1308 1411 1420 1584 1736 1844 1850 1897 1978 2124 2181 2256 2408 2419 2473 2488 2694 2809 3540 3563 3586 4016 4090 4156 4191 4533 4568 4704 4813 5140 5180 5769 6369 7038 7315 9043 9710
94 273 276 311 321 337 338 363 368 370 374 420 444 460 466 478 493 521 522 524 527 612 619 626 632 681 721 757 1001 1051 1506 2402
95 1120 1204 1618 1623 1956 2012 2038 2098 2132 2160 2436 2437 2791 2820 2858 2894 3056 3151 3170 3175 3252 3380 4251 5170 5196 5564 7122 7173 8131 9039
96 1229 1469 1616 1640 1899 2066 2099 2157 2726 2887 2947 2949 2987 3082 3117 3338 3424 3512 3783 3941 4025 4184 4277 4834 5627 6514 7818 7995 8094 8240 8414 9019 9782
97 820 1002 1049 1095 1199 1200 1206 1258 1444 1454 1492 1494 1533 1556 1567 1774 1777 1807 1938 1992 2092 2165 2480 2636 2860 3311 3397 3441 4142 4947 5773 6379 6642 7064
98 226 285 354 483 494 499 649 668 921 927 951 955 1069 1174 1319 1450 1545 1658 1672 1710 1740 1782 1825 2148 2224 2380 2395 2663 7753
99 149 198 310 312 315 366 394 537 573 599 609 718 739 747 780 786 938 952 953 970 1014 1023 1038 1052 1230 1501 1530 1541 1608 1756 1966 2163 2421 3008 3110 3849 5959 6402
