500
0 2 7 76 79 84 105 116 139 148 183 199 200 205 238 259 311 321 352 369 374 399 412 420 427 447 450 569 625 647 732 745 753 780 838 843 847 925 935 979 1042 1058 1105 1117 1121 1125 1134 1145 1149 1216 1238 1289 1299 1343 1353 1383 1429 1454 1496 1524 1534 1557 1625 1668 1670 1731 1750 1752 1763 1774 1784 1871 1934 1956 1979 1984 2013 2052 2114 2121 2128 2155 2175 2182 2240 2264 2288 2327 2340 2407 2414 2422 2437 2480 2533 2555 2615 2630 2643 2666 2685 2704 2790 2858 2892 2904 2962 2986 3004 3006 3012 3023 3032 3074 3077 3103 3111 3144 3163 3232 3261 3316 3371 3376 3377 3427 3521 3543 3584 3586 3602 3728 3753 3758 3783 3792 3830 3836 3877 3885 3894 3936 3981 3982 4020 4035 4107 4170 4176 4180 4199 4311 4314 4326 4340 4341 4352 4377 4400 4527 4531 4539 4624 4664 4679 4728 4765 4786 4824 4855 4901 4909 4958 4967 4985 5053 5064 5099 5156 5175 5219 5248 5307 5322 5326 5340 5341 5412 5437 5445 5446 5458 5507 5643 5677 5715 5748 5762 5775 5821 5848 5862 5869 5880 5917 5962 6014 6020 6021 6030 6044 6049 6054 6082 6101 6134 6141 6161 6170 6187 6258 6296 6327 6404 6458 6465 6467 6470 6482 6534 6537 6538 6547 6584 6611 6613 6635 6672 6692 6712 6778 6827 6938 6967 6986 7001 7055 7088 7120 7133 7153 7179 7219 7240 7266 7285 7296 7413 7429 7438 7517 7545 7575 7652 7669 7699 7709 7713 7732 7736 7759 7762 7782 7791 7852 7864 7880 7883 7902 7949 7968 7992 7997 8005 8043 8062 8069 8105 8116 8125 8130 8134 8193 8212 8284 8293 8387 8396 8406 8431 8462 8470 8487 8491 8495 8498 8644 8663 8671 8711 8716 8722 8794 8812 8830 8832 8910 8994 9007 9013 9075 9129 9138 9139 9160 9178 9197 9199 9224 9244 9265 9270 9299 9301 9374 9404 9453 9461 9483 9533 9545 9573 9607 9615 9669 9731 9834 9842 9848 9852 9903 9930 9968 9990
1 46 135 208 221 300 395 443 476 527 552 650 719 776 876 951 952 991 1079 1256 1328 1348 1358 1375 1401 1476 1571 1601 1647 1710 1790 2005 2136 2260 2322 2349 2439 2662 2768 2773 2847 2875 2898 2943 2983 3043 3089 3106 3113 3158 3240 3285 3379 3395 3541 3905 3914 3944 3964 4027 4129 4151 4234 4286 4362 4385 4399 4457 4501 4526 4639 4647 4801 5072 5097 5386 5451 5752 5783 5784 5788 5899 5902 6029 6067 6153 6196 6270 6280 6306 6360 6428 6545 6608 6687 6889 6920 6978 7012 7053 7193 7204 7206 7320 7456 7481 7511 7710 7751 7795 7806 7845 7874 7919 8121 8140 8183 8209 8227 8235 8343 8345 8484 8512 8528 8841 8848 8883 8920 9008 9023 9043 9086 9107 9443 9444 9465 9467 9659 9931 9979
2 477 511 523 541 574 640 707 761 867 937 1083 1287 1546 1552 1560 1657 1739 1868 2058 2158 2304 2346 2409 2413 2426 2518 2569 2611 2679 2699 2870 3050 3073 3146 3184 3304 3432 3468 3507 3509 3513 3528 3757 3784 4034 4045 4071 4108 4317 4346 4423 4558 4626 4660 4787 4870 4884 4886 4923 4962 5003 5014 5029 5063 5095 5111 5122 5397 5448 5767 5860 6178 6216 6281 6285 6369 6424 6447 6454 6528 6744 6899 6980 7234 7267 7280 7439 7519 7579 7630 7820 8068 8104 8145 8248 8332 8599 8618 8907 8922 9003 9219 9230 9518 9600 9677 9688 9713 9836
3 188 367 444 583 673 1025 1066 1091 1110 1252 1260 1607 1904 1986 2019 2109 2146 2209 2491 2537 2538 2583 2595 2600 2707 2760 2929 3104 3207 3363 3533 3630 3700 4079 4134 4222 4350 4367 4442 4463 4619 4760 4948 5006 5193 5251 5304 5483 5543 5645 5887 5898 5921 6060 6095 6486 6487 6550 6737 6797 6855 6895 6982 7029 7044 7049 7105 7200 7355 7367 7474 7756 7790 7929 7987 8269 8307 8439 8580 8685 8896 9032 9040 9205 9215 9347 9349 9733 9933 9940 9955
4 155 177 267 454 557 782 850 921 1611 1799 1831 2003 2192 2345 2475 2589 2650 2670 2673 2732 2857 3079 3119 3251 3303 3320 3703 3751 3869 3961 4004 4060 4091 4343 4561 4912 4957 5038 5090 5163 5194 5212 5339 5359 5401 5457 5656 5758 5885 5966 5997 6028 6390 6549 6621 6785 6790 6945 7085 7147 7162 7252 7333 7379 7932 7933 8092 8150 8259 8325 8450 9191 9260 9354 9464 9480 9565 9709 9720 9777 9947 9993
5 75 88 108 250 457 475 518 638 712 1043 1391 1822 1900 2074 2100 2139 2735 2902 3093 3243 3343 3380 3665 3720 3731 3752 3781 3827 3958 4056 4269 4752 4843 4988 5043 5088 5149 5295 5504 5572 5826 5838 5979 6073 6331 6391 6492 6630 6765 6772 6875 7077 7087 7615 7629 7899 7950 8174 8333 8344 8375 8423 8539 8696 8728 8776 8908 8934 9050 9114 9510 9654 9822 9991
6 295 325 468 860 949 1150 1223 1246 1580 2064 2668 3061 3081 3160 3249 3393 3537 3561 3750 3801 4011 4021 4069 4104 4437 4494 4606 4928 4965 5239 5254 5580 5964 5993 6061 6100 6236 6625 6675 6771 6802 6922 7210 7254 7289 7361 7569 7653 7742 7771 7861 8053 8233 8428 8609 8649 8690 8797 8958 9004 9014 9120 9580 9623 9649 9758 9795 9806
7 30 90 254 405 560 663 730 742 866 1123 1139 1167 1206 1339 1736 1942 1981 2198 2263 2412 2651 2652 2752 2818 2927 2932 3051 3835 3932 3950 4528 4828 4959 5288 5383 5583 6099 6251 6347 6376 6631 6671 6949 6955 7026 7180 7553 7568 7698 8049 8169 8185 8210 8386 8600 8601 8687 8844 9036 9579 9594 9908 9970
8 340 425 496 652 660 683 709 813 912 1137 1405 1504 1512 1858 1869 1950 2085 2513 2978 2979 3064 3125 3236 3326 3491 3842 3865 4068 4168 4784 4890 4907 5112 5270 5286 5349 5772 5810 5849 5866 6292 6305 6652 6833 6836 6842 6946 7434 7486 7586 7922 8022 8414 8445 8756 8893 8987 9551
9 133 220 332 376 545 726 755 1305 1430 1510 1572 1638 2001 2028 2095 2150 2183 2184 2485 2739 2774 2867 3020 3022 3354 3408 3496 3504 3795 3870 3935 4302 4345 4717 5141 5548 5871 6071 6115 6250 6676 6699 7688 7744 7786 7787 7788 8008 8189 8651 8713 8775 8880 9555 9965
10 246 550 675 774 901 960 1164 1176 1498 1728 2383 2404 2489 3331 3823 3926 4093 4156 4401 4661 5019 5253 5413 5492 5607 5801 6351 6359 6385 6731 6817 7013 7023 7167 7198 7349 7410 7454 7521 7610 7694 7948 8017 8257 8418 8506 8531 8858 8982 9169 9548 9800
11 145 269 865 977 1174 1542 1554 1555 1780 2060 2113 2212 2321 2565 2577 2607 2698 2856 2923 2966 3102 3172 3190 4282 4378 4913 5198 5604 5768 5895 5981 6226 6324 6326 6332 6464 6748 7057 7068 7126 8218 8726 8887 8925 8932 9211 9425 9757 9837 9892
12 397 456 513 802 863 993 1791 1833 2613 2876 3047 3234 3498 3567 3607 3723 3883 4616 4893 4971 5005 5318 5400 5547 5553 5654 6046 6503 6554 6650 6698 6903 6970 7050 7426 7606 7634 7641 7725 7733 7895 8157 8593 8814 9010 9281 9451 9496
13 56 130 524 955 1140 1195 1242 1505 1538 1734 1852 2171 2274 2897 2951 3597 3673 3675 3684 4313 4348 4418 4507 4941 5030 5033 5277 5471 5662 5780 5846 6074 6139 6355 6499 6853 6913 7123 7163 7423 7599 8078 8220 8566 8900 9337 9637
14 828 1248 1329 1515 2458 2486 2958 3053 3186 3229 3706 4230 4252 4402 4517 4680 4719 4878 5177 5245 5462 5742 5948 6053 6137 6509 6610 7007 7191 7392 7659 7755 7842 8188 8251 8256 8733 8836 9089 9290 9376 9436 9703 9719 9775
15 110 247 437 467 718 857 1396 1642 1658 1800 1898 1939 2601 2900 3226 3409 3789 3875 3937 4245 4628 4692 4783 5129 5502 5636 5668 5726 6001 6075 6387 6423 6566 6588 6615 7213 7304 7369 7419 7822 7833 8146 9027
16 176 469 783 784 917 971 1050 1071 1479 1665 1846 2176 2292 2603 2693 2817 2910 4749 4780 4847 5132 5639 5660 5698 5909 6298 6453 6460 6705 6739 7048 7101 7146 7178 7199 7314 7335 7664 7737 8055 8931 9025
17 58 279 896 1101 1153 1562 1702 1761 1877 1962 2057 2554 2810 2866 2970 3049 4356 4622 5316 5702 5756 5777 5802 5925 6063 6261 6643 6770 6962 7056 7542 7856 8030 8109 8693 8855 8863 8881 8912 8930 8986
18 307 385 622 690 910 1009 1081 1293 1583 1721 2232 3268 4214 4354 4359 4520 5710 5740 5992 5996 6269 6336 6696 6829 6898 7039 7135 7221 7243 7706 7740 7956 8015 8106 8856 9083 9470 9604 9633 9898
19 132 329 438 538 930 1365 1741 2088 2792 3052 3101 3135 3241 3383 3545 4203 4567 5501 5661 5946 6011 6413 6469 6681 6734 6810 7151 7365 8081 8217 8223 8507 9144 9259 9283 9463 9476 9645 9684
20 585 687 770 1112 1770 1779 1923 2125 2239 2444 2608 2676 3195 3203 3434 3505 3612 3707 4232 4294 4504 5104 5155 5500 5520 5655 5771 6301 6511 6677 7622 7749 8267 8831 8947 9055 9586 9723
21 643 676 834 934 1227 1387 1465 1570 1628 1711 1737 1916 1948 2000 3405 3453 3726 3837 4063 4670 5214 5333 5896 5942 6084 6198 6254 6451 7138 7459 7896 8167 9608 9640 9652 9751 9995
22 126 394 1157 1175 1265 2016 2030 2771 2895 3364 3575 3841 4450 5385 5523 5857 5910 6400 6415 6473 6909 7216 7602 7670 7684 8195 8300 8503 8816 8919 9261 9273 9380 9435 9598 9735
23 872 1495 1633 1705 2002 3013 3092 3230 3238 3305 3463 3520 3651 3704 3853 3942 3989 4070 4645 4804 4970 5054 5294 5433 6502 6592 7467 8124 8221 8589 8702 8985 9385 9632 9815 9988
24 227 796 842 1292 1354 1449 1491 1535 1613 1641 1680 3007 3276 3539 3547 3864 4081 4308 5477 5589 6024 6149 6445 7396 7618 8058 8142 8304 8533 8935 9031 9395 9478 9712 9989
25 485 691 1085 1141 2010 2156 2189 2740 2791 2972 3117 3798 4043 4055 4337 4658 4844 4974 5026 5365 6669 6729 7485 7509 7570 8027 8352 9132 9137 9174 9689 9807 9829 9885
26 207 1154 1452 1963 2038 2307 2318 2393 2617 3159 3164 4236 4591 4695 5105 5150 5234 5387 6214 6409 7064 7347 7607 7888 8087 8268 8614 8686 8894 9428 9609 9621 9697
27 61 252 358 365 517 668 678 695 759 1106 2784 2873 2954 3128 3403 3664 3812 5434 5889 6070 6244 6374 6437 7072 7912 8176 8313 8634 9351 9398 9666 9843 9917
28 164 551 738 752 1204 1579 1740 1912 2392 2424 2543 2633 2696 4636 4834 4916 5138 5224 5546 6102 6762 7018 7183 7678 7696 7752 7811 8028 8392 8628 9048 9704
29 1593 1889 2147 2339 2526 2578 2938 3727 3814 3839 4077 4260 4433 4691 5062 5171 5406 5605 6403 6484 7037 7078 7092 7829 8060 8282 8579 8904 9576 9646 9764
30 218 232 354 528 575 787 1393 1464 1850 2842 3173 3901 5060 5211 5465 5494 5737 6343 6438 6544 6931 7202 7321 7513 7998 8054 8135 8688 8859 9085 9540
31 310 654 898 1036 1310 1366 1719 1932 2797 3356 3714 3748 4007 4280 4730 4822 4997 5230 5609 5638 5884 5989 6477 6532 6750 7099 7834 9029 9238 9485
32 697 1364 1798 1933 2029 2161 2342 2496 2737 2783 3319 3374 3882 4037 4684 4709 5509 5980 6321 6768 6815 6844 7290 7683 7920 7938 7960 8102 8131 8441
33 670 756 1341 1566 1686 1860 1918 2741 2745 3225 3697 3916 4815 5443 6188 6377 6727 6786 6880 6960 7598 7979 8290 8524 8723 9248 9364 9377 9865
34 1323 1336 1550 2203 2266 3048 3254 3576 3889 3923 4212 4431 4951 5247 5329 5593 5630 5794 5901 6354 7291 7318 7984 8089 8363 8377 8456 8787 8838
35 190 219 858 985 1282 1345 2396 3095 3231 3259 3474 4188 4698 4823 5143 5704 5746 5815 6022 6225 6362 7336 7476 7631 8692 8939 9330 9605 9982
36 733 1436 2344 2464 2753 2990 3362 3708 4497 5052 6323 6352 6526 6555 6953 7054 7337 7525 8405 8612 8807 8874 8978 9073 9185 9192 9293 9907
37 225 264 946 1020 1367 2123 2598 2661 3312 3679 3863 3963 3969 4414 4945 5373 5390 5429 5696 6283 6622 6997 7110 7457 8552 8581 8583 9742
38 1095 1762 2512 2846 3653 4057 4106 4365 4739 5292 5674 6401 6616 6701 6863 6869 6891 7038 7142 7364 8698 8918 9026 9109 9325 9487 9515
39 372 686 829 1281 1531 1929 2474 2736 2917 3088 3114 3603 3819 3976 4529 4699 4705 5065 5067 7971 8639 8700 8748 9167 9407 9493 9755
40 478 1273 1295 1839 1997 2247 2483 3244 3307 3352 3454 3820 4036 5797 6491 6604 7036 7069 7537 7952 9091 9133 9162 9309 9311 9323 9901
41 131 455 554 1931 2223 2256 2403 2653 2828 2837 3656 3871 4842 5189 5323 5531 6262 6798 6867 7233 7373 7425 8306 9391 9409 9957
42 610 1026 1296 1528 2014 2855 3386 3718 4584 4879 5216 5713 5719 5735 5961 6130 6201 6334 7185 7673 8245 8358 8465 8519 8891 8998
43 875 1247 1523 1935 1987 2265 2465 2604 2692 3493 3681 3699 3965 4159 4342 4972 5260 5519 5933 6057 6961 6984 7040 8294 8442 8562
44 1319 2320 2982 3165 3465 3553 4002 5117 5166 5178 5503 5526 5566 5659 7136 8029 8168 8309 8486 8605 8990 9255 9368 9918 9943
45 793 950 1277 1395 2634 3080 3220 3666 4627 5113 5467 5747 6144 6338 6666 6839 7259 7643 7868 8014 8044 8287 8455 8478 9206
46 1241 1352 1389 1610 1878 2343 2806 2877 3843 4210 4249 4310 4973 5172 5228 5384 5995 7604 7780 8451 8522 9172 9313 9341 9521
47 13 1917 2072 2244 2298 3044 3672 4333 4548 4771 4803 4888 5407 5875 6551 7165 7323 7720 7855 7936 8340 8582 9638 9871 9961
48 413 601 1031 1259 1439 1685 1940 2325 2546 2690 2729 2794 3255 4047 6175 6570 7278 7647 7657 7802 8729 8928 9256 9352
49 3 18 820 878 989 1478 1569 1749 2382 2433 2884 3141 3219 4216 4710 4797 5700 6218 6230 6767 7904 8591 9045 9750
50 606 1332 1794 1841 1876 2165 2612 4150 4514 5201 5716 6189 6398 6662 6717 7060 7350 7400 7526 8342 8532 9499 9522 9671
51 355 2323 2446 2906 3025 3262 3314 4420 5301 5389 5793 5982 6883 7244 7247 7405 8136 8179 8331 8570 8604 8770 8784 9805
52 102 933 1209 1219 1330 1585 1835 2711 3880 4439 5232 5348 5474 6083 6421 6496 6539 8036 8111 8122 8681 8754 9563
53 174 883 1425 2542 2871 3120 3495 3811 4596 4641 4898 4989 5045 5855 6416 8362 8499 8780 8899 9065 9431 9655 9789
54 112 564 945 1181 1859 3479 3540 3821 4470 4602 5258 5594 5922 6184 6197 6495 6567 7536 8800 9181 9233 9414 9498
55 234 272 1276 1661 1807 1920 2286 2416 2452 2552 2805 3174 3425 3756 3967 5998 7260 7961 8598 8753 9216 9667 9692
56 239 1129 1132 3555 4984 5188 5192 5482 5773 6320 6819 6838 7034 7239 7728 8710 8911 8927 8980 9071 9505 9803 9858
57 22 39 441 1581 1651 2965 3476 3486 3582 3806 4586 4774 5416 5418 6683 7177 7212 7541 7772 8361 9332 9798
58 494 1077 1624 2299 2781 3213 3510 3987 5085 5185 5817 6330 6418 6812 7033 7169 7769 8156 8854 8938 8973 9097
59 836 895 1130 1959 2544 2764 2994 3054 3275 3309 3670 3745 4811 6673 6752 6871 7391 7665 7708 8719 8989 9348
60 118 804 1133 1315 2278 2462 2750 3256 3566 3610 4541 4805 5042 6311 6581 7302 7692 8204 9381 9392 9780 9846
61 462 731 1169 1183 1845 2411 2865 3072 3154 3199 3552 4123 4580 4643 7116 7975 8574 8752 9080 9208 9816 9969
62 285 356 705 880 1040 1471 3036 3308 3481 3585 4966 5676 6651 6860 8270 8508 8782 8829 9581 9831 9911
63 1500 1598 1969 2237 2681 3623 4171 4299 4697 5894 6406 6743 6747 6881 7889 7965 8090 8172 8205 8571 9936
64 794 2032 2190 3290 3790 4455 4669 4925 5164 5409 7082 7293 7310 7477 8040 8371 8493 8970 8995 9253 9544
65 32 286 463 716 981 1124 2319 3998 4324 4798 5623 5785 6050 6476 7363 9087 9187 9218 9593 9740 9741
66 81 141 249 255 714 792 1051 1351 1649 3269 4549 4788 5459 5525 5555 5688 5798 5969 6512 6808 8425
67 82 211 1472 1953 2454 2466 3909 5818 5897 6045 6143 6523 6576 6861 7496 8234 8453 8708 8712 9582 9787
68 111 138 402 642 703 798 1615 3817 3897 4537 5833 5907 6795 6928 6977 7351 7851 8535 8991 9302
69 168 1142 1414 1619 2193 3149 3433 3470 4415 4429 4727 5240 6140 6427 6695 7276 7458 7972 8834 9324
70 1056 1606 1937 2107 3497 3683 4468 4491 4924 6032 6999 7008 7452 7893 8658 8673 8842 9124 9804 9904
71 244 400 501 559 639 1445 1644 1809 1971 3629 4029 4086 4241 4464 4610 4633 7131 8133 8578 9182
72 729 1380 1574 1608 1874 2037 2101 2149 2227 3005 3015 4277 6048 6087 6408 6412 6525 6924 9315 9589
73 89 487 1086 2368 3456 3970 4264 5061 5831 6191 6356 6627 6921 7585 7637 7848 8419 9159 9276 9878
74 816 1290 2164 3222 3515 4095 4300 4546 4720 5379 5408 5421 6015 6062 6123 6195 6623 8019 8074 9433
75 151 157 210 489 499 666 987 1067 1428 2924 3278 3538 4799 5534 6113 6163 6639 7095 7815 9173
76 648 767 862 1060 1855 1930 2097 2168 3110 3121 3797 4493 6459 7063 8031 8254 8556 8684 9149
77 104 465 700 861 944 1156 1413 4397 4444 4571 4707 5695 5867 6086 7045 7154 7473 8573 9523
78 965 1457 2591 3157 4110 4939 4943 5223 5241 5266 5335 5441 5816 5836 6716 6851 8224 9370 9405
79 737 2112 2624 2809 2863 2894 3056 3237 3355 3588 3596 3925 5069 5632 8154 8180 9268 9583 9635
80 336 674 1272 2191 2305 2597 3210 3336 4092 4254 4995 5082 6186 6222 6282 7765 9367 9501 9971
81 343 837 1363 1873 2639 5411 5690 5834 6670 6758 7432 7433 7777 8129 8139 8329 8871 9236 9619
82 283 308 410 881 1004 2177 3147 3578 3742 3946 3956 5541 5567 5670 5950 7978 8677 9116 9152
83 349 931 1097 1192 1205 1793 2143 2782 2988 3265 3441 3762 4873 5732 5912 5923 7807 7970 8668
84 159 2730 3416 3631 3689 4285 4755 5479 5557 5724 6485 7325 8337 8516 8706 8888 9175 9279 9528
85 137 873 1016 2066 2269 3178 3687 3831 4409 5278 5721 5755 5913 6018 6963 8870 9602 9794
86 973 1185 1297 2096 4178 4372 4404 4807 4866 5098 6174 6618 6680 6847 7209 7858 8336 9295
87 871 1356 1772 2275 3447 3652 3690 4946 5126 5362 5795 6148 6919 7071 8061 8403 9005 9063
88 66 656 956 1373 2116 2293 2570 3345 5368 6129 7041 7549 8151 8279 8348 9164 9202 9397
89 284 613 1381 1789 2499 3779 4193 4361 4612 6040 6490 6578 6617 7284 7572 7754 8594 9921
90 257 1812 1848 1924 4364 4614 5565 5813 7253 7431 8067 8114 8798 8840 9247 9357 9369 9560
91 708 2062 2376 2574 2580 3042 3066 3397 3557 3669 3802 4569 4689 4757 4880 6365 7442 8659
92 503 1301 1307 1377 5145 5257 5280 5511 5872 6059 6260 6685 6862 7409 7860 8065 9135 9412
93 10 698 964 2423 3804 4024 4102 4224 4583 4733 5358 8636 9094 9362 9749 9821 9869 9964
94 253 260 616 874 1220 1408 1623 2070 3368 3609 3642 3657 4320 4785 4845 4871 4960 9591
95 136 1103 1311 1385 1745 1747 2106 3098 3233 5080 5124 6587 6718 6897 7681 9042 9722
96 276 790 1253 2358 2401 3772 4066 4686 5103 5396 5552 6193 6295 6859 7261 7616 8959
97 44 72 567 900 2283 2432 2911 3153 3562 4117 6126 6914 7826 8452 8743 9820 9942
98 178 281 665 1757 2204 3840 4651 4831 4937 4983 5206 5651 5693 6941 8026 8231 9449
99 1118 1231 3637 3895 4462 4741 4836 4944 6092 6234 6939 7141 7679 8095 8373 8949 9997
100 1212 1306 3763 4572 4574 4921 4977 6968 6975 7030 7668 8286 8384 8480 8660 9198 9952
101 417 1041 1271 1730 2746 3560 5438 5876 6173 6434 6478 7203 8077 8585 8632 8709 8815
102 324 1044 1411 1441 1678 3634 4065 4198 4407 4857 5309 5505 7671 8056 8461 8622 9681
103 6 25 889 1075 1402 1966 2449 3808 4080 4179 4358 6834 7508 8683 8862 9426 9912
104 521 1317 1533 2008 2463 2647 2822 4211 4327 5331 5581 5954 6303 6417 8554 9826 9886
105 722 1696 2117 2335 4742 4762 4832 5313 6507 6728 7090 7331 7677 7739 8295 8427 9791
106 1059 1397 1786 1796 1941 2302 2341 3638 4271 5730 6223 8365 8662 8827 9252 9656 9746
107 1985 3747 3986 4284 4544 4629 4745 4858 4905 5430 5515 6344 6759 6809 7399 7930 9047
108 1797 1961 3215 4714 6381 6888 7117 7173 7448 8214 8242 8789 8977 9538 9734 9825
109 271 609 1267 1667 2206 2728 3008 3021 3109 4033 4453 6034 7447 7483 8885 9296
110 330 388 887 2036 2071 2390 2811 2968 3661 4349 5391 5840 7075 8097 8265 9887
111 163 504 2104 2201 4175 4238 4244 4731 4816 5569 5861 5863 6274 6825 7556 7779
112 2731 2885 3991 4258 5009 5180 5269 5824 6166 6915 6973 7885 7964 8936 9440 9753
113 345 771 1264 1901 2017 2077 2194 2798 4778 5101 6515 6850 7395 7989 8236 9938
114 120 206 2294 2549 3060 3087 3100 3263 3813 4393 4481 5367 5497 6112 6248 7746
115 2025 2179 2389 2879 3999 5108 6190 7306 7435 7819 8320 8538 8751 8822 9141 9292
116 488 603 822 1080 1208 2640 3105 3330 3705 4054 6313 6603 6702 8319 8335 9721
117 431 1370 2234 2697 2890 3016 3344 4796 5217 5218 6051 6479 6693 7813 8803 9873
118 77 548 819 1415 2120 2527 2568 2799 4347 4369 5027 5478 6257 8795 8810 9418
119 699 1213 2211 3428 3717 4148 5334 5440 6155 6341 6952 7500 8252 8429 8572 9115
120 786 1048 1113 1327 1335 1337 1609 1773 2326 4281 5352 5843 6264 8071 8360 9830
121 69 817 1596 3579 3715 4276 5044 5078 6370 6843 6937 7372 7821 7881 8965 9861
122 966 2315 2545 2721 3581 3633 3755 4557 5584 5621 6923 6981 9060 9336 9430
123 14 33 55 202 600 1434 1884 3134 3590 3696 4223 6429 6925 8388 9592
124 765 914 1049 1255 1406 2271 2757 2909 3227 4712 4954 5151 8694 8809 9883
125 1442 1826 2808 3155 4486 4562 4813 4896 5002 6122 8197 8243 8961 9506 9884
126 626 758 948 1666 1775 6219 6232 6893 6954 7356 7613 8514 9046 9271 9770
127 508 868 1470 1675 1903 3349 3550 4382 5106 5904 5973 6935 8113 8338 8964
128 94 577 590 2618 5512 5514 5738 6367 7093 7096 7775 8177 8759 9254 9920
129 123 744 1090 1539 1810 2185 2505 2516 3188 3485 3832 6530 8312 8586 9711
130 553 851 2445 2539 3975 4306 4416 5728 6168 7061 7747 8021 8308 8592 8652
131 535 904 1697 1922 2142 2246 4389 6228 7004 7781 8107 8805 8876 9316 9716
132 122 502 1781 1964 2744 3214 3568 4010 5109 6773 7831 7939 8400 8968 9984
133 182 379 1461 1477 3910 4084 4160 4213 5468 5489 5928 6373 8460 8905 9618
134 34 223 1888 1978 2295 2377 2398 2558 3677 6047 6738 8355 9359 9384 9994
135 646 1218 2659 3235 4025 4766 5162 5300 5800 6691 7564 9015 9786 9819 9838
136 368 1368 1489 2187 3549 3680 3876 4432 4929 4975 5356 6212 7108 7789 8852
137 592 1360 2540 3799 4334 4357 4379 5393 5658 5825 6640 8569 9745 9944
138 299 303 1646 2134 3776 5068 5264 6405 7632 7977 8488 9569 9668 9868
139 1856 1905 2144 2438 2562 2944 3270 5271 5873 5906 7341 7796 8967 9400
140 474 1422 2674 3099 3535 5466 5558 6656 6661 6799 6983 7251 7501 8766
141 398 928 1446 2160 2362 2893 3176 3532 6715 7127 7230 7463 8119 9314
142 1177 1627 2137 2683 3732 4257 4667 4919 5592 6302 6463 6800 6966 7294
143 435 624 713 789 943 3606 5461 7143 8790 8826 8889 9317 9549 9558
144 278 571 1683 2226 2254 2660 2712 4246 5916 6518 9041 9190 9327 9416
145 24 689 1540 1806 2887 3360 4053 4604 5560 6849 7086 7207 7316 9491
146 117 546 1980 2907 2915 4162 4261 5110 5671 6042 6667 8239 8946 9275
147 751 805 1469 1674 2115 2180 2476 2616 4398 5734 5839 6736 6990 7079
148 1032 1065 1738 1834 1911 2788 5096 5934 6472 7009 8211 8473 8763 9096
149 304 411 2960 3108 3115 4607 5190 5355 6104 6291 7024 7639 9030 9442
150 777 1263 1782 3313 3845 3997 4220 4243 4635 4802 4930 5865 6594 9212
151 2945 3743 4127 4253 5343 5679 6105 6730 7504 7590 7944 8793 9264 9527
152 439 526 617 1443 3284 3702 4677 5086 5131 5302 7027 7205 7859 9832
153 301 1521 2946 3508 4219 4411 4963 5647 5893 6521 6711 6918 9460 9874
154 1424 1522 2373 3122 3140 3429 3524 4403 6364 6375 6560 7991 9739 9761
155 1098 4015 4336 4776 4795 5666 5804 6498 6653 6831 7934 8230 8476 9511
156 175 1178 1473 1492 1821 3381 4793 4933 5597 5911 7770 7862 8296 9342
157 1499 1543 1943 2677 7238 7258 8181 8263 8699 8715 8878 9113 9312 9543
158 715 762 1588 3818 4040 5267 5827 6131 6461 6840 7548 7767 7980 8084
159 1455 1586 1805 2833 3722 4147 5342 6154 6516 6565 6600 8523 8843
160 2657 3766 3948 4145 4662 4819 5167 5182 6787 7422 8526 8966 9877
161 243 404 1426 2490 3167 4534 4702 5888 6393 7137 7621 8534 9294
162 140 347 1849 3281 3904 4575 5689 6789 7353 8969 9034 9387 9932
163 1829 2055 5423 5582 5870 6388 6774 7000 8350 8701 9269 9481 9657
164 152 172 1045 1960 3028 3601 4173 4777 5023 5083 7489 7974 8747
165 1250 2733 3145 3884 4192 4881 5207 5796 7059 7182 8502 8555 8630
166 134 760 812 2529 2939 4840 4915 6089 6619 6741 9021 9163 9249
167 644 908 1019 2415 2872 3297 4202 6069 6358 7172 8148 8198 9241
168 67 929 1567 1614 1679 1944 4931 5050 5454 6942 8529 8564 9706
169 71 432 2717 3035 3710 4864 5536 7480 8163 8367 8410 9624 9992
170 101 516 882 1261 1589 1867 2333 2456 3530 4459 6290 6992 7597
171 2004 3107 4505 4506 5181 5444 5615 6145 6414 7354 7418 7675 8655
172 1034 2141 3740 4133 4209 5077 6176 7124 7170 7390 7617 8672 9896
173 53 83 3375 4087 4309 5040 5470 7227 7593 7955 9176 9186 9285
174 597 1147 1788 1847 3984 5074 5985 6151 6636 7411 7560 8170 8417
175 214 1173 1501 1754 2027 2387 2883 2974 3391 5048 7554 9584 9616
176 1160 2080 2313 2576 2648 2804 2889 3166 4820 7097 7472 9613 9844
177 721 1690 1955 1993 3437 3833 4184 5442 5947 7312 8103 9717 9793
178 466 555 633 1412 2361 2559 3729 4094 4603 5268 8275 8401 8714
179 1314 2018 2532 2976 2992 4100 5028 5250 5770 5908 7703 7846 9056
180 2933 4863 5303 5530 6229 7707 8171 8200 9145 9227 9335 9355 9928
181 362 451 529 540 1092 2047 2159 4226 5417 6233 7115 8732 8933
182 1197 1699 1832 2375 3129 3431 5031 5186 6133 6807 7393 8773
183 1682 1769 2366 2417 2682 2767 3273 5259 7389 7716 8670 9707
184 5 212 268 637 1003 1249 1587 2236 5345 9411 9603 9802
185 1742 2353 2579 2926 3116 3337 3858 4737 5321 6991 6993 8228
186 1035 1119 1548 2649 3342 3724 4513 6177 6204 8110 9044 9090
187 380 1444 2073 2807 4375 4926 7524 7753 7962 8379 9524 9661
188 169 203 519 525 1303 2803 5629 5708 6735 8477 9228 9678
189 1992 2127 2787 3872 4511 5293 6884 7187 7565 7805 8837 9840
190 1423 4259 4487 5161 5490 6865 7386 7491 7626 7682 9701 9881
191 1840 2308 2635 2725 3156 4013 4573 6753 7882 8155 8813 9098
192 78 270 273 1556 1957 3282 3736 3775 4979 9338 9474 9699
193 1148 1162 1605 3070 4307 4743 4835 5564 6150 7065 7596 8117
194 3506 4454 5366 5930 6310 6732 7577 7993 8448 8471 9194 9841
195 1508 2205 3691 4228 4239 4536 5596 5687 5803 6907 7042 9239
196 684 2519 2599 2925 3924 5242 6541 7563 8037 8085 8258 8518
197 514 748 932 2795 2859 5622 6497 6519 6998 7894 9946 9977
198 406 969 1039 1541 1746 2306 2324 3292 3648 3807 5338 5428
199 114 591 1037 1776 5369 5628 6389 6726 7362 7436 8736 9183
200 319 446 630 1226 1707 1724 2384 4993 6035 7006 9111 9850
201 51 512 2218 2262 3046 3460 4026 4510 4950 5481 6722 8530
202 287 1007 1355 3267 3580 4141 4625 5402 6462 6756 7406 8301
203 701 939 1064 2355 2763 3414 8314 8824 8828 9130 9710 9986
204 28 835 1778 3529 4051 4882 5237 5635 6019 7547 9262 9839
205 1484 2999 4316 4430 5199 5209 5612 6237 6777 7487 7550 9069
206 99 1481 2093 2431 3457 4478 5951 7663 7988 8587 9223 9953
207 170 1564 2133 3810 4556 5142 5351 5983 6103 7374 7484 9356
208 717 815 1222 2627 2705 2937 3250 3678 4297 6124 9282 9772
209 671 1116 1824 2644 3686 5432 5484 5808 6116 8408 8851 9088
210 598 1631 1851 4325 5576 7886 7892 8207 8433 8734 9539 9765
211 605 2087 2103 3400 3445 4312 5153 5957 5978 7633 8948 8954
212 167 1880 2105 3621 4559 4949 5152 6162 6598 6674 6724 9559
213 677 791 823 1785 2761 2844 4649 4723 5388 5787 6211 6240
214 309 1463 3208 3494 6333 6916 7160 8144 8864 9066 9106 9683
215 566 2199 3253 4240 5374 5764 6192 7083 7715 7921 9462 9627
216 297 658 2186 2709 4687 5751 5790 7507 7600 8765 9303
217 128 233 735 795 1186 2050 2747 3291 4875 5435 9867
218 830 2802 2827 5744 5891 6346 6996 7324 7449 7693 7946
219 235 778 1866 2713 2864 6979 7479 7981 8661 9535 9862
220 565 2985 4009 4227 4577 5034 5154 5631 6892 7407 7969
221 261 809 927 1126 1972 3469 4597 5649 9101 9306 9732
222 296 685 725 4475 5533 6119 7005 8041 8515 8656 9682
223 734 2947 3365 3635 3786 4289 5915 5920 6363 9289 9872
224 166 390 1061 2680 3641 4674 4693 4906 7370 7951 9494
225 2429 3260 3286 3327 3572 5703 5868 6440 7721 8160 9039
226 1808 2365 4441 4579 5956 5984 7188 7292 7691 7719 9500
227 1717 2961 3024 4099 5977 7155 7854 7906 8206 8494 9070
228 393 824 3384 3489 3941 4283 4932 8391 8666 9064 9783
229 215 507 1947 5004 5120 5578 5678 5879 8378 8853 9788
230 505 1602 2590 3554 7465 7875 8086 8162 8543 9319 9889
231 3426 4266 4272 5283 6481 6905 7222 7695 8762 8867 9854
232 291 953 1215 1787 5233 6694 7164 7499 8849 9490 9628
233 1240 1369 2195 2563 3490 4039 4295 6043 7686 7867 7983
234 1842 1879 2522 3018 3328 4467 4502 6308 7397 7566 8052
235 150 322 2173 3856 4482 6896 7766 8468 8558 9057 9177
236 328 915 1945 1952 2202 3754 9676 9728 9778 9835 9845
237 19 2903 4940 5538 6077 7574 7722 8266 8411 8610 8646
238 408 1010 1122 1907 4551 5160 5215 6910 7149 7161 9771
239 1421 3148 3466 5265 5587 5663 5841 6026 7636 8003 8549
240 3339 3488 5375 5529 6873 8126 8551 8680 8924 9383 9507
241 1243 1722 2371 3334 4589 7478 7994 8623 8676 8738 8981
242 988 997 2285 3323 3482 4132 4672 6633 8366 9520 9606
243 1074 1084 1843 2956 3002 3519 4096 4368 4540 4566 4859
244 667 1864 1996 4894 4917 8724 9000 9012 9217 9489 9959
245 936 2495 2762 3415 3451 3805 5311 6348 6933 8421 9495
246 1262 2031 3366 4191 4413 5360 6088 6160 6203 8653 9200
247 2098 2111 4530 5035 6500 6559 6648 7217 7338 8137 9512
248 1234 3907 3943 3990 4089 4458 5939 6582 7176 8298 9906
249 65 1233 1344 4668 4671 4812 5449 5522 5620 5890 6721
250 1225 1232 4237 5187 6436 6448 6940 8203 9305 9685 9976
251 1179 1400 2481 3003 4522 5244 5317 5642 8297 8402 9811
252 165 983 2534 3245 5664 5673 6407 6543 7605 8302 8376
253 662 1865 1892 2233 3417 5119 6215 7197 9353 9497 9564
254 37 607 1695 2229 5370 6065 7773 7808 8611 9146 9939
255 941 3825 4112 5823 6514 7702 7967 8238 9344 9664 9696
256 727 1958 2716 2891 3127 4078 4524 4791 6664 7558 7849
257 326 2225 2350 2920 6094 6125 7758 8182 8811 9286
258 757 954 1503 1795 3001 4242 5714 7985 8937 9888
259 497 6147 6238 6780 6964 7928 8004 8023 8042 8788
260 788 2026 2310 2975 3242 6494 8741 9406 9601 9625
261 649 1144 1974 2470 2553 3202 4319 4729 5807 6947
262 2645 3009 3097 4126 4532 4837 5585 5743 6641 9448
263 602 884 3446 4865 5071 5415 5456 7272 8250 8621
264 916 2162 6007 6456 7329 7342 7415 7601 8007 9432
265 217 480 978 1000 1374 1765 2188 7530 9188 9195
266 2440 2882 3322 3325 3721 4469 4565 6300 6779 9037
267 366 999 1394 2621 3563 6200 6380 6932 7256 8823
268 532 1999 2273 2410 4012 4779 5020 9468 9578 9736
269 1159 2391 2596 4218 4449 5685 6784 8093 8548 8597
270 826 1813 2550 3084 5905 6580 7561 7857 9611 9698
271 739 1072 1536 2718 3151 7159 7192 7488 9818 9950
272 302 415 1378 2215 2503 6010 6241 6293 8568 9730
273 256 2222 2749 2868 4274 4744 4746 5134 5208 8012
274 1 3525 3824 3945 4903 4999 6110 7263 8500 8742
275 3058 3266 4763 4938 5347 6766 6989 7156 8705 9879
276 43 854 1138 5644 6013 6058 7551 8370 8520 9372
277 4581 5759 5858 6466 8051 8310 8341 8464 8474 8882
278 23 482 976 1919 2524 3499 3913 5845 7275 9350
279 3096 3593 3659 4990 5200 6000 6870 7841 8385 8988
280 293 377 1340 1914 2473 2834 6449 7443 8013 9893
281 115 353 1451 1645 2231 3137 4521 6686 8496 9077
282 893 3411 3847 4143 4488 5296 6520 6540 9650 9922
283 100 1191 3082 3694 4164 5528 5877 6564 8877 9179
284 359 1089 1100 1361 1640 1756 2878 5799 6605 7672
285 1506 2702 3329 3900 3918 4154 4189 5330 6039 8679
286 45 1561 2053 2248 2468 3318 5275 6038 6041 9808
287 1325 1713 3487 3994 5007 6468 6575 6801 7624 8489
288 486 1013 3204 3398 3787 3878 7226 7444 8149 9612
289 2427 3348 3422 5539 6410 7121 7954 8327 8758 9343
290 724 1622 3458 3477 3559 4031 4169 4666 6599 7689
291 970 1120 2051 3045 4640 4953 5709 7084 7482 7704
292 2255 2418 2708 2723 2796 6272 6322 6668 6820 9371
293 184 251 655 870 1870 3038 7313 7646 8009 9379
294 323 3777 4434 6583 7344 7533 8070 8277 8412 8953
295 1228 1379 3599 4296 5600 7309 7506 8260 8364 9516
296 495 702 1052 1199 1221 2277 2400 3761 3879 4028
297 434 534 1578 2626 4525 4841 6586 6725 8247 8695
298 558 580 1346 1714 3569 4978 6008 6136 6271 9891
299 2592 3083 3183 3873 3996 4344 8025 8316 8466 9519
300 96 1459 1650 2079 3685 5041 5381 9687 9809 9876
301 1390 2493 2700 3086 5637 5929 6213 6659 8613 9213
302 3604 4256 4809 5436 6337 6805 7073 8541 9001 9759
303 604 891 1982 2012 2022 2039 4701 7538 8278 8390
304 113 149 1073 1229 1910 2820 2964 3650 8956 9927
305 3663 3966 5125 5859 6239 6959 7132 7516 9345 9754
306 2434 3574 5485 6934 7534 7656 7745 8997 9151 9235
307 125 1070 1456 1872 2148 2675 2888 6614 7288 8892
308 581 1257 1577 2043 5749 5953 6205 7591 9743 9972
309 2421 3075 3461 3903 4174 4860 5308 7792 8147 9956
310 542 704 2380 2973 4177 5626 6005 7308 7498 9517
311 430 772 840 2428 2453 4704 7884 8033 8351
312 1320 2520 3152 3394 3407 4935 5276 5544 8492
313 1274 1480 2329 6325 6655 6821 8346 8349 9945
314 26 2510 2628 2776 2816 3069 5556 6595 7119
315 980 3583 3671 3852 4206 4770 6647 7032 9674
316 1817 2447 5229 5524 6221 7237 8083 8620 9051
317 80 621 2508 2930 2987 4500 4615 7583 8262
318 1017 2208 2908 4419 4523 4790 4851 6531 7996
319 3033 3443 4443 4934 8048 8357 9653 9691 9960
320 6114 6994 7268 7300 7490 7836 8624 8744 9298
321 1994 2118 2169 2214 2406 4883 5372 9847 9849
322 382 5781 6513 7148 7235 7495 7614 9541 9866
323 193 5431 5814 6266 6644 6710 7035 7924 9547
324 201 490 839 1286 1995 3741 8159 8879 9168
325 710 1055 1708 1715 1988 4109 5116 6135 9226
326 2655 3435 3564 4074 4353 4817 6709 7844 8839
327 452 990 2629 3620 4852 5517 5842 7645 8002
328 2337 2564 3803 3862 8098 8941 9061 9148 9537
329 63 3886 4001 5169 5521 5856 6386 7557 9557
330 396 919 2594 3358 3949 4190 6877 7650 7914
331 811 958 1093 1136 2566 4172 6329 8898 9781
332 1182 1308 1595 1637 1694 2551 2914 4155 4396
333 4690 4821 5140 6076 7814 8505 8929 8957 9119
334 41 73 634 1632 5225 8153 9396 9738 9954
335 162 1893 2443 3733 4390 7299 7571 7776 8631
336 2102 3399 4391 4547 5238 5310 6904 7281 7576
337 17 357 620 3764 4121 7257 8547 8755 9125
338 389 1954 3280 7262 7360 7640 7839 7869 9577
339 20 1706 4022 5811 7761 8906 8976 8983 8999
340 968 2235 2573 2623 4456 6489 6792 6841 8173
341 766 3444 4480 7385 7918 7995 8667 8850 8975
342 1193 2041 3577 3725 4098 5179 7872 8057 8447
343 64 2586 3739 4900 5324 6256 6287 9587 9813
344 992 1104 2166 2501 2998 7666 9421 9700 9973
345 127 3404 3410 3992 7241 7800 8141 9532 9915
346 341 1165 1419 2507 2669 8299 8326 8467 9180
347 1190 3078 5830 6263 6793 8761 9153 9438 9801
348 360 1236 1830 2734 4590 4706 5319 7471 7871
349 1111 1342 2138 4128 5115 6224 6760 8091 9320
350 1014 1063 2874 3737 4116 4736 7451 8617 9277
351 4197 4564 5648 5779 6003 6425 6585 7470 7611
352 2135 3299 3701 5739 5763 5936 8324 9207 9231
353 60 449 584 984 2478 4152 6818 7539 8196
354 258 1053 1751 2701 6402 6632 6637 6936 9263
355 129 186 195 530 2913 4908 6171 7445 7527
356 2860 3118 3522 4278 5127 7408 9274 9388 9534
357 471 629 1270 1573 5606 7014 8857 9567 9708
358 1655 2812 3212 3335 3516 3644 5472 5786 6128
359 773 4756 6524 6902 7208 7224 7307 7377 8303
360 40 1639 2099 2531 3338 3674 8945 9028 9193
361 3993 4632 5183 5450 5766 6056 6742 7850 9340
362 967 2770 5987 6620 6885 8565 8820 9062 9245
363 371 3029 4421 4854 4991 5699 5903 9393 9975
364 74 892 1698 1720 4386 4623 7366 8202 8481
365 156 1654 3193 3767 4182 5399 5949 6714 8440
366 262 885 1309 1656 1815 1915 6025 8501 8561
367 2196 2252 2710 3211 3353 3919 4082 4490 4648
368 3988 5287 5680 6267 6353 6830 7066 8323 8415
369 1814 2151 2301 3076 3392 7731 8637 9052 9408
370 158 1652 2955 4044 4360 7228 7627 7748 8635
371 1896 2110 2360 4484 5262 6654 7982 8996 9562
372 1584 2706 3252 6289 7025 8544 8950 9403 9828
373 363 1648 2007 2220 4492 4887 8557 9102 9570
374 1653 2297 3130 3385 3668 4268 5350 5419 5809
375 313 338 728 1224 7184 7384 7514 8647 9958
376 1617 1672 1853 2840 3341 4585 5075 5157 6340
377 241 2397 3855 4942 5828 7469 7917 8643 9266
378 142 381 672 1691 2178 6558 7130 9020 9665
379 2981 4552 4838 4897 5986 6596 7609 7866 8118
380 86 106 479 856 8232 8689 8993 9333 9466
381 226 4732 5272 5882 6642 7544 7567 7729 9679
382 4 453 1453 4496 5263 5344 6556 7830 9308
383 1001 1023 1251 2511 3430 4652 4659 7020 8187
384 1407 2399 2420 5491 7383 7582 8359 9171 9446
385 886 1088 1838 2430 2957 4428 9610 9658
386 1187 2500 2801 3189 6879 6957 7943 9916
387 2290 2838 3922 3972 4201 4808 5633 7328
388 3169 3662 3979 4716 4735 5945 6117 6146
389 588 1237 2936 6688 8416 8463 8718 8890
390 3866 4474 5168 6480 7903 8191 9024 9423
391 1490 3452 3501 4891 5918 9479 9643 9675
392 1143 2638 7319 8046 8132 8595 9237 9304
393 808 2722 2778 2896 2916 4750 5601 9923
394 436 3526 3709 4019 5850 6589 6900 7847
395 520 651 1398 1590 1753 2249 4665 6848
396 282 1486 1803 2388 6956 7522 8075 8443
397 2119 2785 2823 3340 5195 5480 6357 6988
398 720 2242 7043 7573 7809 9122 9300 9486
399 2715 2852 3150 3396 3977 4136 4384 5496
400 16 29 533 1172 6609 6658 7242 8616
401 346 1925 3239 3277 4485 5554 5789 5935
402 2132 2282 2467 2605 8951 9284 9636 9823
403 3846 4144 5076 5089 6908 8082 8368 8914
404 1514 2207 3388 3735 5022 7125 7552 9156
405 3511 4654 7940 7973 8483 9078 9375 9530
406 661 1347 2129 6078 6085 6634 8289 8725
407 547 2131 2515 3616 4767 5706 6397 8884
408 723 1482 5852 7461 8860 9639 9812 9985
409 93 2352 2738 2786 5682 6522 8372 8730
410 2881 3551 3960 4005 4301 4753 7215 8123
411 9 289 1440 3071 4678 4775 8272 8438
412 641 3142 3565 3983 4072 6231 6706 6733
413 618 1487 1764 3040 4914 5527 6207 9420
414 4726 5010 5652 7031 7658 8588 8638 8720
415 2219 2228 2369 3418 5255 5361 7100 9419
416 1612 1743 2084 2238 7166 8407 8771 9310
417 2023 2152 3293 3719 5510 6036 6579 6917
418 240 1704 2442 2536 4436 5559 7717 8746
419 492 2049 2448 3782 4764 8602 9054 9126
420 3065 4535 4715 8066 8395 8749 9718 9951
421 3655 4605 6803 7145 7649 7697 9019 9680
422 1433 1447 1946 2059 3370 3502 3822 4708
423 3138 4994 5070 5657 6052 6242 8158 8454
424 35 2033 2940 3010 5727 7401 7455 9006
425 3123 4618 5135 5561 6591 7680 7931 8249
426 594 1184 2197 2831 5650 8475 9112 9763
427 298 422 2021 4262 5782 7062 8356 9833
428 2441 3649 4899 5574 5610 5774 7003 7134
429 1285 1669 1977 2419 5506 7332 8305 8449
430 54 781 1275 6552 6571 7250 9641 9875
431 2309 6202 8000 8246 8457 8590 9068 9401
432 1127 1634 2078 4265 4609 9439 9509 9900
433 996 4833 5692 6349 6602 6852 7757 8112
434 1210 3094 5563 5625 6749 6944 6950 7067
435 2267 5184 7195 7277 7909 8608 8952 9074
436 305 522 2942 4711 6624 7283 8079 9925
437 589 1600 1973 2289 8446 8674 9390 9924
438 1875 2280 3857 3959 5203 8490 9452 9513
439 631 1616 3957 5741 5761 6574 7941 9926
440 539 1767 1885 2488 3785 5395 5914 7910
441 833 1283 1718 2167 3124 4105 8921 9424
442 3296 3439 3625 4885 6368 6906 7794 7870
443 1989 2394 7122 8435 8821 9166 9322 9768
444 124 196 1109 1170 2145 2259 3201 4046
445 1005 2034 2619 2996 6504 6894 8380 9663
446 481 736 2024 4183 4330 4587 6501 7106
447 825 4682 5837 6508 6769 7562 7798 8064
448 747 2687 3382 3402 4718 5176 6569 7901
449 59 1965 3063 3643 6016 8697 8940 9492
450 185 1927 6638 6886 7581 7730 7966 8786
451 623 1087 1516 1681 1891 2663 4533 9702
452 2451 2766 2922 4582 4740 4876 5988 9358
453 448 2497 3413 5619 5941 6210 6678 8865
454 364 428 688 1565 6127 8128 8222 9121
455 2984 3955 4097 4516 5174 7104 7797 7878
456 586 595 612 1217 1576 2163 5315 5697
457 57 421 6561 8152 8563 8866 8897 9456
458 947 2174 3030 3771 3974 5337 6194 6837
459 570 2009 2854 7046 7402 8778 9049 9566
460 1082 1198 4412 7816 7905 8513 9155 9660
461 2257 2777 5346 5422 8509 8799 9110 9596
462 573 1258 3034 4062 4137 4588 5577 9622
463 461 2997 4075 4473 5943 6510 6606 6720
464 1171 3518 3891 4131 4207 6985 7270 9093
465 596 1409 3361 4853 6209 6328 6811 7628
466 3412 3716 5012 5455 5960 6081 6275 6474
467 599 2469 2971 3298 4696 8264 8409 9079
468 342 1372 5924 7515 7655 7926 8101 9366
469 1837 2632 3272 3436 3500 4498 6055 7111
470 198 306 746 926 5049 7727 8735 9614
471 1376 3271 3558 4688 5745 8536 9553 9880
472 4646 5017 6180 6926 7022 7743 8886 9016
473 619 1801 2245 2726 4489 5305 5312 9410
474 2724 3512 4440 5055 5136 5999 6775 7301
475 877 1563 2460 4910 5231 7986 8603 8971
476 1723 5261 5537 6857 7326 7907 8100 9914
477 292 1161 1894 2800 6912 8482 9184 9399
478 818 1230 3929 5463 6276 7118 8459 8678
479 48 91 615 1128 1151 3908 7404 9870
480 265 3927 4101 5363 5720 5806 7660 9629
481 418 578 1660 1823 1936 4003 4471 5170
482 4167 4329 4381 4722 5967 6446 6660 8381
483 1604 4768 4892 5812 5926 8511 8560 9196
484 614 1466 3014 5403 5426 6033 7535 7623
485 38 608 611 749 2556 3216 3850 4042
486 1908 3688 3920 4426 5353 7330 8315 8615
487 15 922 1029 1621 2374 6294 8721
488 27 1755 2157 2471 4303 5205 9595
489 879 6383 6568 7189 8781 8902 9272
490 1460 1760 2126 2153 3191 3796 3896
491 109 3939 4592 4703 5243 8024 8903
492 576 1338 2090 2517 4118 4287 5197
493 387 693 5792 7186 7976 8517 9457
494 894 3647 4305 4781 5475 5958 5968
495 21 799 1410 6384 8190 8285 9076
496 1861 2094 2813 5354 6268 6435 7592
497 2328 3059 3091 3420 3573 3860 5066
498 800 972 5226 5754 7269 8444 9378
499 1280 3175 3608 4568 4748 4782 4814
