500
0 380 1390 3199 3626 5556 5799 6452 6699 6857 7295 7811 8174
1 907 1005 1029 4009 4010 4746 5407 5774 8760 9327
2 475 719 1007 1579 2740 3178 4512 5078 5195 6528 6736 6882 8331 8468 9415
3 312 657 896 952 1505 3662 4293 5073 5703 6068 7396 7602
4 199 625 3394 5962 6262 6345 6659 6669 7835 7895 8209 8481 8917 9577 9878
5 80 1801 2182 2573 3323 5096 8219 8735 8818 9296
6 926 1145 1252 2414 3143 3494 3781 3842 3977 5595 6608 6827 7456 9093 9414 9478 9610
7 26 376 535 1569 2107 2607 3269 3864 4692 5331 5415 6974 7550 7741 8230
8 662 794 3372 4751 4937 7628 8127 8367 8391 9379 9795
9 569 753 1137 1781 2224 2274 3006 4401 4594 4975 5643 5783 6292 7450 7598 8226 9038
10 204 893 1858 2572 2580 2676 4786 5142 5568 6567 6654 7868 8388
11 2021 3211 3395 4837 5443 6167 7716 7839 8237 8897 9172
12 285 889 1301 1860 2317 3047 3370 3651 5147 6112 7367 7574 7626 7748
13 505 888 2586 2900 2986 3950 4168 4400 4566 5553 5857 5907 6299 6614 7486 8040 8570 8722 8878
14 502 751 2695 3476 5904 6700 6718 6933 8624 8890 9312 9632
15 33 694 739 1524 2922 3451 4905 5439 5902 7026 7135 7194 8492 9248
16 879 1400 1608 1799 2492 3486 3507 4580 5573 6336 7087 7940 8290 9782
17 687 1238 2059 2685 2952 2985 3243 4667 5086 5615 6091 6414 7651 8188 9256
18 166 1666 1725 1845 2271 3474 4806 5706 7159 8157 9475
19 650 918 1146 2531 3151 6052 8363 8371 8397 9686 9829
20 269 353 1365 1552 1555 1586 1695 2172 2189 2680 3007 3795 5838 6188 6577 7290 7454 8418 8617
21 2379 3066 3813 5517 5550 5976 7039 7305 7865 9351
22 213 227 950 2816 2932 2990 3792 4344 5079 5579 5614 5630 6359 8698
23 399 438 904 1374 1444 1577 2028 6431 7233 7693 8853 9117 9424
24 1902 1959 3675 4525 4874 5273 6239 6914 7912 8394 9138 9495
25 698 872 1069 1985 2041 2510 4102 5657 7752 7917 8436 9460
26 930 1335 1615 3067 3535 3613 4411 5705 6339 7851 9580 9685
27 110 1890 2868 3037 3608 4652 4677 4912 7021 9280
28 10 247 871 1451 4133 4629 4792 6675 6826 7262 7321 8605 9114 9244 9747
29 1227 1362 1475 3278 6396 6963 7273 7309 7347 7782 8547
30 634 767 2233 2977 3181 3648 3853 4639 7218 7981 8821
31 1216 1546 1663 3456 3856 6744 7327 7344 7489 7890 8969 9066 9132 9370
32 1075 1921 2365 2465 3170 4200 4799 5123 6673 7062 8405
33 734 2127 4170 4181 5157 6329 6460 6770 7718 7915 9079 9404
34 198 369 2902 3049 3472 5385 5943 6876 7138 7675 8256 9053 9760
35 106 116 713 1203 2835 2886 3373 5075 7155
36 64 270 775 1338 3624 4675 6302 6349 8074 9921
37 1031 1992 2242 2737 2814 3905 4791 5739 5856 6861 7308 8374
38 21 195 2415 2439 2451 3133 4904 5053 6609 8106 9604 9643
39 1901 2240 2670 2879 3632 3647 3956 4079 4367 4851 6216 6502 6859 6908 6934 6941 7439 8445 8628 9075
40 176 688 2865 2970 3534 4007 4347 5227 5957 7799 8848 9094 9998
41 283 469 1861 2217 2718 3627 4232 4670 6738 8216 8234 9926
42 1343 2279 2644 2934 3320 4199 7270 7381 7605 7881 8014 8428 8469 9301
43 2058 2892 3050 4388 4797 5143 6051 6529 6558 6582 6821 7072 7463 7919 7946 9786
44 883 2770 3280 3329 3711 3804 4001 6260 8963 9626
45 1109 1541 2258 4909 5006 5869 7274 7298 7680 7694 7786 8434 8528 9576
46 685 802 1770 2052 3747 4296 4942 6109 6745 7192 7204 8598 9784
47 295 1150 3154 4290 4949 5731 6471 7121 7311 9502
48 155 1233 2551 2630 3537 4683 6469 6896 7379 7652 7876 8287 8711 8792 8801 8880 9032
49 221 1289 2111 4963 4965 4982 5029 5342 5532 5890 6020 7289 7362 7413 7559 7899 8307 8758
50 136 329 542 1010 2243 2744 2991 4134 4631 4914 5690 5860 9325
51 1994 2722 2852 3293 4596 5169 5459 5466 7597 8004 8636 8910 9015 9023
52 1697 2394 2459 2753 3125 3347 4464 6394 6748 9156 9662
53 1033 1350 2975 3056 3525 4373 6555 8084 8697 9411
54 2354 2785 3089 3354 4331 5870 8072 8169 9206 9284 9473
55 1880 3193 3523 4613 4814 5628 5895 6295 7581 8068 9833
56 1938 2453 2882 3457 3491 4138 5016 5384 5756 6407 7097
57 925 3027 3850 4505 5298 5326 5636 5775 6176 6691 7000 7551 7740 7783
58 144 216 592 1219 3051 4542 5398 5561 8702 9200 9959
59 114 876 1002 2564 3916 4303 5072 5174 6731 7685 8915 9268
60 636 2252 2827 4784 4810 5730 6382 7451 7924 9236
61 849 1255 2314 3719 3762 4654 6426 6786 7434 7856 7963
62 514 2313 3377 5485 6355 6497 8128 8276 8430 9016 9037
63 401 820 983 1557 1645 3479 4076 5193 5538 6150 8298 9313 9395 9627
64 77 1257 1686 1761 1815 5738 6029 6106 7681 8176 8357 9274 9382
65 3677 4679 5226 5505 5965 7124 7877 8520 8522 8807 9127 9712 9865
66 316 850 2747 3653 4507 4920 5356 6044 6574 7355 7357 8194 8473
67 839 910 1279 2828 3291 3398 3567 4053 4758 6518 6889 8474 8560
68 522 558 1164 1802 2639 3071 4361 7516 8153 8246 9832
69 162 357 716 971 1309 1620 2470 6119 6282 7317 8017 8555
70 137 1656 2669 3434 3939 4042 5473 6773 7471 8612 9809
71 418 1376 1833 1857 3096 3242 7212 7838 9063 9595
72 311 874 969 2214 3773 5065 5188 6651 6903 7894 8080 8344 8490 9178 9557 9990
73 161 799 1003 1961 2114 3508 5800 5900 6353 6592 8000 9511
74 419 1641 3415 3644 3951 5947 6137 6207 8324 8833
75 323 761 996 1324 1426 1570 2755 2941 3013 4425 7992 9683
76 1627 1654 2960 3092 3152 3274 3440 3543 3854 4180 4350 4539 7063 7179 7302 8092 8512 8531
77 503 1753 2810 3551 3999 5592 6184 6433 6617 7560 8033 8650
78 541 640 728 750 1534 1871 3194 3313 4027 4153 4490 4828 5004 5099 7399 7709 9056
79 921 963 3309 3503 4567 5032 5722 7692 8422 8488 8706
80 276 639 897 3376 3774 5185 5359 6639 6739 6996 8272 8491 8734 9463 9646 9935
81 483 1752 2143 2150 3003 4655 4893 6388 6840 7586 7641 8265 8684 8854 9040 9459
82 769 869 1044 1352 2454 3749 4760 5388 5850 6064 7202 8425
83 315 1631 2068 2638 3222 4004 4381 5631 6313 6705 9122 9623
84 148 259 2524 2857 3326 4242 4496 5070 5351 6077 6347 7507 7771 8413 9388
85 1317 1778 2791 3446 3991 4164 4475 5270 5289 5921 6475 7250 9538
86 700 2049 2569 2790 2850 3493 4323 5458 5587 5849 6320 7050 8043 9471 9529 9615 9704
87 1507 2078 2081 2338 2711 3764 6447 6480 7495 9791
88 412 1496 1963 3132 3895 5401 5678 6153 6332 7368 7611 8739 9021 9067 9199
89 631 1125 1298 1657 1728 1769 2468 2486 3586 5211 5232 5371 6054 7296 8342 9235 9484
90 135 1308 2048 3072 3147 3224 4402 4842 5583 8796 8936 9714 9746
91 1294 3158 3322 3681 4218 4449 4906 4994 5432 7351 7673 8599 9523 9736
92 2057 2205 2245 2529 3292 3364 3943 4387 5600 5998 6815 9255 9919
93 364 1097 1790 3065 4217 5565 5639 5933 6034 6713 7380 9275
94 299 667 774 1424 2018 2796 4635 5554 6035 6750 7385 7563 8168 8538
95 2201 2593 2660 3098 3840 4111 4291 5156 7040 8509 8619
96 1895 2370 3614 4112 4130 7727 8075 9124
97 1127 2403 2417 2898 3101 3506 6688 8045 8459 8464 8966 9432
98 360 1427 1647 1720 1950 2199 3020 4062 4843 7163 7224 7846 8135 9210
99 491 560 1386 2155 2340 2795 3053 3759 4750 4766 6541 7493 9852
100 111 1049 1339 2013 2381 4328 4550 4884 5094 7128 9222
101 239 1223 3424 3784 4248 4414 5007 5200 6281 6774 7219 7623 7880 8789 9115 9159 9692 9842
102 1805 1930 2239 2963 4187 4935 6905 8305 8429 8654 9655
103 3085 3590 3771 4051 4275 6118 6702 7131 8724 8797 8814 9964
104 2304 2398 2627 3666 5252 5663 6071 6271 7587 8707 8896 9517 9846
105 1353 1908 2408 3017 3453 3936 4644 4693 5679 6101 6343 6506 6613 7228 7285 7438
106 827 1791 2236 4322 6373 6437 6648 6849 7636 7966 9744
107 2055 3279 3378 3524 4609 5348 6138 7825 8499 9803 9886
108 472 738 1256 3024 3146 3417 3561 4704 4995 5320 5606 6062 8022 8145 9332 9507
109 1671 1689 1898 3095 3694 4944 6929 7043 8252 8749 9254
110 1662 1897 2228 2406 4798 6780 6940 7076 8764
111 36 1982 2043 4054 4233 4744 5637 7165 7435 7945
112 949 2124 2331 3432 4304 6103 6560 7213 7874 8052 8615 8720 8990
113 1347 1401 1783 2936 3391 3914 4065 4688 5658 8819 9003 9999
114 1063 1349 1624 2255 2513 2623 3962 4591 4614 5129 5951 6187 6248 7325 7706 9713
115 1102 2345 2628 2877 4348 6027 6690 6992 7531 7608 9920
116 43 697 1264 1806 2164 2682 3509 4274 5278 5708 5896 5995 6074 7542 7546 7743
117 468 815 847 1276 1881 1978 2202 2677 4362 4554 6594 7234 8203 8352 8981 9551
118 906 2632 2688 4244 4447 5908 6950 7847 8623
119 38 1105 2396 2553 3106 4666 4717 5341 5536 6166 6616 7824 8101 8644 8912 9258
120 755 1345 2404 2505 2860 3933 4177 5362 5503 5964 6641 6912 6979 7457 7790 8949
121 178 2411 2847 3389 4849 4996 5302 6133 6308 8784 9163 9410
122 2373 2872 2955 3482 5514 6337 6853 7078 7869 8163 8279 9237 9840 9979 9991
123 699 1542 2083 2256 3022 3121 3530 4823 5390 5675 5687 6777 6865 6991 8220 9428
124 47 228 262 1312 2788 3966 3981 4423 4749 5660 6571 8630
125 1072 2248 3371 4091 4225 5246 5548 6879 7293 7503 7683 8191 9260 9871
126 14 207 1394 3987 4636 4783 4941 4964 5815 6075 6190 6627 7069 8898 9188 9259 9566
127 56 1244 1582 2152 2349 3100 4908 5247 6598 7513 7883 7980 8267 8549 8696 9887
128 1055 1293 3310 4176 4341 4765 6776 6986 7022 7730 8382 8595 8822
129 75 428 473 1467 5037 5729 8583 8903 8940
130 956 1194 1537 2166 2171 3699 3863 6131 6917 9219 9358 9769
131 7 296 492 1318 1644 2213 2232 3316 3947 4577 5369 9950
132 1111 1259 1334 2591 3075 3448 3579 5383 6073 6931 7609 8976 9262
133 1139 2412 2930 4789 5045 6671 6886 7909 8225 8731 9192 9438
134 215 1093 1469 1696 1724 2512 2836 6198 7152 7196 7259 9264
135 71 3877 3992 5130 5603 6058 6650 7020 8010 8090 9101
136 132 1757 2475 2927 2959 3182 4532 5220 7732 8559 9028 9316 9330
137 320 703 1292 4047 4106 5204 5710 5878 6573 6771 7772 8601 8864 8904 8947 9807
138 1818 2190 2324 3183 3809 4266 5241 5901 6010 6033 6507 7431
139 1027 1267 1746 2163 2948 5977 8053 8288 9231 9611
140 3108 3264 3405 4159 4247 4696 5261 6681 6764 7375 7615
141 163 2501 2864 3414 5286 5624 5858 6802 7432 7910 9247 9824
142 1538 2998 3475 6612 7010 7263 7512 7901 8134 8556 9677
143 41 715 2231 2538 3148 4583 4857 6024 6235 6377 6378 6619 8952
144 443 1059 1342 2823 2910 3325 5472 5533 6125 6199 9371 9522 9804
145 2386 3416 4615 4915 5447 5824 5893 7373 7621 8110 9658 9721
146 828 2138 4289 4307 5219 6467 7151 7160 7807 7976 8837 9168 9766 9876
147 72 1340 1934 2576 3797 4332 5112 5596 5897 6221 8327 8761 9857
148 545 1041 1407 1600 1708 2399 3023 6706 7115 7153 8178 8241 8495
149 652 882 1218 2494 3262 4928 5041 5166 5399 6417 6737 7156 7521 7806 7889 9676 9986
150 793 1514 1793 3145 3288 3548 5343 5899 6318 8250 8845
151 214 1047 1114 2634 3038 7122 8173 8302 8648 9493
152 810 1201 1319 2500 6872 7265 7316 7852 8056 9139 9449 9710
153 367 1561 2002 3696 3902 5892 5926 6063 6466 7173 7348 7970
154 458 1652 1882 2834 2984 4369 4725 4900 5003 5534 8911
155 27 245 359 785 954 1299 2062 2596 2798 4243 4501 4627 5321 8894
156 1181 1956 2356 2402 3743 3758 4377 4429 5183 6267 6572 6956 7956 8600
157 243 1611 1823 1980 2516 2958 2972 3345 4129 5126 7241 8914 9099 9530 9931
158 632 780 1521 1948 2515 2856 3284 6001 6543 7676 7759 7997 8386 8738 8858 9363
159 30 1817 1864 2267 6017 6642 7594 8778 9209
160 392 1046 1250 4526 6498 6852 7870 7971 8076 8257 9372
161 901 1208 2186 3637 3746 4100 4416 5203 5339 5990 6547 8483 9466
162 1172 2158 2325 3039 3929 4674 5253 5927 6637 7279 8842
163 723 735 1855 2030 2495 2533 3214 3337 3760 3803 4206 5020 5340 7260
164 1104 1523 2890 3874 4150 4888 5198 5718 5753 6472 9695
165 300 1153 2608 3581 3736 3750 3778 4115 4780 6048 6415 6503 7215 7358 9954
166 256 945 1844 2511 3344 4308 5263 6797 7445 7558 8704 9087
167 231 811 2883 3324 4128 4393 5925 6459 6521 6919 7318 8773 9487
168 1548 2129 2811 4033 4281 4295 6177 6449 7058 7426 7650 8883 9722 9755
169 1303 1640 2100 2407 2773 4385 6157 6676 6692 7006 7255 7567 7796 7823 9129 9295 9995
170 461 624 1417 2005 2485 2698 2881 4173 4226 4470 4483 6922 8406 8787 9622
171 1226 1430 1488 2504 3041 7127 7320 8078 8291 8457 9317
172 8 348 720 1409 1868 2846 5960 7142 8012 9552
173 1566 1734 2079 2249 3968 5317 5751 7240 7278 7642 7949 7965 8498 8713 9216 9738 9764
174 580 788 3046 5063 5601 5609 6317 8902 8974 9642
175 1209 1975 2610 2727 3137 3570 6149 6261 6361 7519 7710 8863 9505
176 773 1398 1565 2192 2624 3670 3777 4032 5662 8666 8922 9036 9422 9780
177 85 1925 3180 4056 4807 8942 9204 9761 9966
178 1556 2153 2562 3973 5133 6804 7506 8439 8924 9077
179 1152 1468 2673 2701 3227 3673 4720 5090 5276 6369 6672 7575 8064 8193 8610 8920 9340
180 574 1937 2815 2842 3032 3454 3582 3970 3983 4966 5024 5661 7490 7968 8050 8815
181 2195 4292 5598 5664 5713 6275 6311 7610 8328 8530 9535
182 153 680 760 3099 4442 4832 4926 6278 8121 8236 8449 9802
183 149 1211 2530 3618 5046 6381 7126 8051 8376 9943
184 57 496 1067 2374 2951 3110 3119 3805 4258 5433 5946 6060 6492 6662 7616 8999 9474 9664
185 2165 4555 5563 6004 6866 7103 7292 7617 7756 9682
186 191 273 1084 2904 3074 3563 4721 5069 5825 6249 6269 8098 9270 9659 9666
187 281 1678 2363 4708 6489 6835 7487 8192 8576
188 1066 1086 1516 2211 2230 2502 2503 3184 3231 4427 5051
189 1321 3808 4520 4867 5337 5497 6670 6794 7206 7753 8142 9808
190 118 3731 3767 3873 6037 6420 6540 7393 8148 9090 9554
191 287 757 2082 3084 4097 4135 4923 6161 6241 7201 7745
192 105 190 521 1711 2613 5364 6279 6520 6951 7857 8420 9558
193 84 587 2284 6117 6389 7714 8542 9338 9948
194 52 916 1530 1731 1756 1884 3897 5416 5491 6474 9365
195 684 1246 2003 2979 4563 4649 5268 5295 5953 6338 6602 6808 7526 7568 8069 8511 9717
196 171 555 1018 2395 2450 4121 4315 4695 6801 9299
197 1032 2034 2210 2422 3660 3843 4541 6457 6607 6920 8125 8768
198 272 593 2291 3464 4431 7107 7353 8032 9043 9518 9547
199 177 410 4113 5618 6136 6742 7366 8271 8353
200 740 2584 2875 3202 3518 3629 4136 4955 8103 8270 9994
201 2121 2353 3342 4552 4684 5748 6266 7013 8501 8740 9089 9796 9823 9861
202 1062 1621 1771 3485 3796 4500 5255 6816
203 290 748 1750 2754 7339 7728 8118 8717 9329 9723
204 423 940 2149 2629 3888 5864 7088 8062 8471 9108
205 3026 3138 5540 5668 7312 8181 8727 8781 8986 9076
206 3502 3870 4278 4743 5653 5871 6775 8197 8224 8653 8918 9082 9337
207 159 445 1554 2094 2473 3268 3707 3899 8306 8553 9574
208 326 1052 1867 3920 5347 5958 6989 7927 8989 9939
209 352 1196 1581 1935 2570 3531 4624 4788 4929 4956 5005 5376 5552 5704 7630 8683
210 152 585 1461 2626 3382 3921 7132 7171 8133 8228 8868
211 297 782 992 3546 5840 6423 6611 6949 7821 8071 8177 8185 8208 8380 9732
212 464 1065 1595 1759 2667 2894 2909 3964 5368 7929 8308 9140
213 489 1436 1722 2050 3716 4640 4816 5092 5474 6236 8513 8627 9283
214 389 548 2006 3134 3700 4437 5950 6526 7499 7510 8247 8652 8686 9867
215 1290 1964 2332 2802 2943 3161 3167 5297 5328 5431 8529
216 581 844 2136 3989 4257 5108 5271 5551 5700 6564 6953 7436 8254 8580 8891
217 659 726 1466 3045 3622 4251 6256 7604 7993 8931 9997
218 150 944 977 5055 5634 5961 6519 7414 7939 8123 9597
219 540 661 789 1504 3144 4099 5293 5507 5754 5924 7387 7687 8685
220 824 1755 2543 3206 4709 4825 8151 8879 9546 9570
221 202 1001 2560 2732 2855 3304 4569 5734 5821 5940 6018 6264 6323 6401 7123 7999
222 600 1651 1655 2768 2826 3091 6107 6196 6845 7161 8451 8493
223 117 776 1865 3025 3381 3539 4389 4716 6289 6926 7836 7996 9661
224 79 1357 1893 3079 3297 3664 4277 4880 4977 6021 6628 8444 8967 9035 9464
225 1183 3445 4339 4372 4485 4628 5523 5966 5980 6297 6658 7967 8838 9152
226 309 905 1853 3468 3640 5119 6276 7216 7269 7277 9433
227 2388 2926 3333 4179 4777 5499 6195 7258 7656 8766 9537
228 567 573 978 2575 2987 6163 7027 8322 8346 8651 8788
229 1391 1414 1567 2197 2532 2858 3116 5192 5794 6030 6110 6550 6698 6938 7412 8057 8539 8765 8994 9470
230 317 1011 1736 2848 3628 4412 7169 7256 8996
231 455 478 756 1040 2605 3410 3900 4117 5920 6061 6330 7377 8958 9045 9569 9847
232 5 610 645 5699 7326 7957 8839 9393 9454
233 18 123 538 583 1382 1626 3603 3710 5066 5570 7488 9512
234 361 1668 2401 3866 4013 4078 4976 6105 8681 9588 9602 9733
235 170 2263 3630 4513 4754 5035 6154 6980 7288 8410 8447 8454 9207
236 55 449 2694 3263 3549 4234 4779 6455 6993 8082 8526 8578
237 781 800 2973 3048 3315 4003 4223 5019 7017 9375 9496
238 838 1953 2330 2777 3954 6251 6280 6346 6505 6740 9110
239 1958 3296 3612 4474 4559 4646 5330 5929 8138 8249
240 928 2008 3693 4892 4986 5752 5770 6636 8809 9694 9763
241 818 1840 3591 4132 4196 4593 5608 7395 7549
242 768 1202 3909 4397 5450 5468 5676 6646 6707 8505
243 599 2950 4441 5577 6094 6183 6624 7700 8930
244 689 1591 2636 3298 5723 5999 6967 8408 8846 9050
245 63 2044 2118 2916 3406 5471 5495 6385 7577 8390
246 613 647 1476 1501 1625 1774 3388 3990 4119 4999 5501 5537 5559 6822 9347
247 511 779 1682 2537 2617 3188 3225 4626 5259 5674 6312 8013 8916 9510 9708
248 1064 1092 2066 3004 4145 4600 5061 5430 6165 6487 6781 6893 7443
249 1234 1363 1742 2430 3544 3946 4123 4529 8433 9431 9541 9897 9993
250 54 895 1028 1715 2327 3043 3069 5125 6287 7702 9453 9483 9526
251 2359 3348 3565 4161 4224 4311 4801 5022 5187 5282 7720 8350
252 507 1912 2602 3615 4205 4565 5737 6424 6741 6787 7057 7336 7747 9734
253 1016 1174 1498 3540 3650 3828 4167 6483 7065 7283 7793 9667
254 175 2238 2278 2295 2650 5797 6057 7462 7763 7990 8235 9010 9166
255 183 457 563 745 835 1128 2175 3086 3473 4574 5572 6224 6379 6961 7012 7101
256 425 1847 2467 3526 4947 5707 5861 6005 6300 6538 8663 9707 9711
257 512 707 858 1042 1425 1574 1665 2384 2582 2871 3163 3894 6242 6257 6621 7738 8175
258 205 612 1533 1650 2571 5835 6496 6665 9197 9306 9548 9585 9720
259 101 528 682 3411 3500 3751 4048 4551 6725 7419 8159 8461
260 421 701 1107 1122 1396 2643 3338 3602 3794 6370 6878 7048 7064 7085 7570 9008
261 790 1716 1973 2598 3835 4444 4531 4840 5097 5948 6351 6537 7249 8037 8416 8793 9137
262 103 291 1291 1991 2074 2522 6038 7031 8035
263 212 1687 1889 2144 2523 2588 4034 5444 6685 6803 8850
264 242 980 2557 2843 4017 5545 7464
265 328 488 3210 3501 4741 5602 5865 6493 7669 8295 8620 8794 8805
266 991 1377 1717 2420 3318 3826 3910 5414 5597 6380 6985
267 1121 1297 1495 1622 1917 2456 3218 3867 5446 6421 6798 7329 8762 8808
268 831 961 1932 2382 3459 4481 6210 9092 9651
269 523 915 935 1020 2215 2787 2818 2896 3392 4333 6067 7340 7884 8183 8618 9637 9675
270 536 586 1487 3654 5591 6561 7733 8113 8452 9383
271 724 1924 2463 2821 4724 5611 6531 6790 7633 9241 9335
272 108 1179 2431 3461 3600 4158 4489 4939 5680 6306 7907 8269
273 255 448 1829 5001 6723 6728 8693 8866 9705 9785
274 551 764 1136 1144 1481 1623 2541 4149 5567 5863 6354 8810 8982
275 976 3821 3928 4648 5872 6273 6578 6851 6936 7800 8586 9970
276 3881 4049 4472 5000 6783 9374 9568 9693
277 1182 1272 1450 2014 2235 4186 5903 6036 8310 8502 9777
278 240 732 1743 4592 4736 4782 5913 6186 7517 8088 9586 9593 9691
279 1590 2157 4086 4486 4558 5308 7183 7186 7582 8212 8750 8824 9988
280 45 124 1170 1610 1926 2678 4237 4984 6921 8536 8987 9965
281 96 1807 2953 3995 4327 5052 6116 6811 6843 7029 7177 7859 9071 9731
282 437 1459 2764 3169 3846 4487 4638 5082 5440 5788 6141 7969 7987 8111 8115 8293
283 158 188 3190 3569 5621 5750 6656 7294 8396 8882 9018 9062 9481
284 147 1327 2851 3165 3226 4879 5531 6583 6766 6875 6973 7974 9176 9344
285 1138 1200 1483 2597 4476 4556 4590 5027 5500 6511 7406
286 2208 3643 3780 4094 5406 5493 6792 7125 8584
287 263 1602 5013 5170 5307 6606 6680 7261 7547 8005 8332 8975 9208
288 497 1489 2185 3761 4122 4890 5332 6203 6358 7338 9509
289 456 708 3404 4044 4438 5991 6087 6869 7059 7066 7854 8997
290 648 1419 2918 3192 4349 5666 5885 7801 8150 9434 9450
291 1423 1972 2326 2550 4671 5336 6436 7903 8785 8900 9315
292 644 686 1175 1693 1831 4299 5269 5519 6959 7505 7666 9044 9905
293 286 547 575 3061 3682 5081 5442 5919 6160 6258 8767 9187
294 951 3130 3669 3734 5813 5828 6174 6701 7647 7908 9562 9673
295 169 822 1157 2063 2413 3153 3837 3978 5327 6376 6545 7237 7948 8574 8803 9218
296 1079 1258 1341 3718 3753 4280 6366 6456 7955 8955 9081 9726
297 398 881 1472 2099 3471 4946 5367 5784 7452 7500 7804 7951 8008 9653
298 338 1700 2147 2169 3290 3872 4597 4771 4911 5036 5209
299 591 1118 2867 5520 5581 5875 7075 7287 7764 8523 8962 9590
300 673 1133 1379 2091 2448 4499 4950 6525 8131 9005 9420 9421
301 500 763 3659 4913 6687 7286 7518 9157 9639
302 1834 2765 3822 5701 5818 6536 6765 6874 7425 7826 9563
303 1933 2042 2216 5168 5476 6114 6599 8477 9962
304 139 997 2128 2540 2997 3982 5389 5769 7118 7220 7837 9305
305 218 808 1224 2983 3016 3357 3800 4687 5725 7044 7272 7842
306 129 465 626 1439 3200 5448 5525 7545 7817 7833 7873 8641 9953
307 257 1669 1940 2534 2704 3604 3717 5590 6217 7695 8024 8462 9031
308 238 609 860 1043 1058 1420 1942 2781 3241 3625 4213 5056 5400 5780 6356 6539 7525 7960 8432
309 267 1056 1432 1785 1904 2622 2969 3562 4088 4954 5104 6049 8540
310 463 1536 2766 2779 3728 4382 5757 5949 6516 6631 9690 9933
311 236 868 2642 3917 4127 4658 4983 6579 7324 7788 7863
312 1061 1135 2301 3209 5206 7504 8597 9266 9334
313 537 598 1839 4154 4448 4865 5886 8670 9498 9890
314 49 303 812 1455 3556 3754 4795 4952 5149 8632 9399
315 1760 3442 3639 5549 5654 6070 6465 6626 8146 8147 8372
316 797 1798 2067 4279 5625 6099 6568 9718 9817
317 314 333 938 3572 3574 4802 4917 5975 6523 8338
318 1180 2472 2840 2935 7734 8190 8521 9293
319 88 358 2115 2145 2342 2666 2721 2745 5141 5798 6213 6597 7386 7408 7736 8423 9019
320 1784 2017 2391 3739 4084 4169 5683 6717 6729 6937 8027 8166 9331
321 506 1120 4936 5012 6011 6909 7117 8972 9619 9652 9679
322 2209 3447 5158 6081 7266 7299 7589 8286 9308 9445 9674
323 172 1159 1435 1885 2897 5162 5365 5418 7359 7791 8097 9083 9271 9521 9838
324 1156 2488 4203 4452 6448 6924 7689 7770 8672 8951 9508
325 97 197 1295 1673 1879 1979 3103 4020 4035 5693 6398 6434 6863 6928 7585 8592 8889
326 1050 1906 3012 3286 3379 3932 5182 5218 5437 5692 6395 8046 8527 8973
327 646 3172 3713 5462 5986 7444 8158 9300 9386 9416 9743
328 208 244 590 2020 3907 4568 5335 5527 5952 9179 9462
329 62 220 1019 1628 2302 2962 3195 4256 5049 5564 5842 7157 7561
330 666 730 1053 1630 1878 3686 4778 5256 5607 6580 8817 9500
331 833 1616 3232 3350 4092 4229 4457 4659 4665 6374 7440 8060
332 143 165 374 1941 2767 3109 3541 3931 5535 6334 6416 7588
333 741 1482 2820 3271 3836 4862 5033 5148 5839 7665 8484 8862
334 2565 4014 4663 5131 5887 6837 7475 8239 8240 9668 9716
335 1454 1520 1762 2105 2109 3847 4399 5017 5068 5402 5578 5728 6301 6805 7030
336 232 578 1220 1369 2647 3265 4340 6130 6270 7055 7267 7437 9408 9442 9895 9898
337 655 936 2277 4899 5309 6418 6453 8171 8631 8718 9149 9725
338 519 2065 2305 2911 2938 3520 3839 3876 4434 4769 6085 6445 6635 7001 7095 9030
339 1418 6158 6172 6995 7660 7891 8941
340 552 670 731 2288 4314 4752 5146 6468 6557 6588 7447 7591 8389 8841 9161
341 2220 2447 2708 3233 4967 5121 5375 6124 6712 7350 7686 7827 9485
342 2275 2418 2460 4653 4853 6834 7322 9402 9874
343 83 671 1328 2289 2878 2895 3319 3703 3885 4031 4772 7147 7200 7416 8320 9096
344 131 133 372 2203 3521 3536 4564 4821 4901 5762 6286 6482 7459 7925 8199 9688 9957
345 439 2070 2730 3605 3691 4040 5382 5391 6495 6652 7193 7356 8248 8421 8782 8908
346 754 1710 4107 4241 4588 4767 5284 5429 5481 7086 8443 9104
347 355 884 1984 3057 4036 5522 5779 6108 6890 7933 8823 9545 9845
348 1129 2989 3219 3722 4714 5093 5202 5996 6191 6259 8548 8729
349 193 836 1786 1919 2102 2645 2713 3044 3429 4497 5785 6155 7699 8496 9400
350 1957 2752 5008 5127 5186 5322 6092 6146 6640 7719 8001 9396
351 141 345 427 450 1014 1905 2741 3745 4761 5350 5795 5880 7082 7174 7474 9102 9968
352 343 351 1149 1167 2568 2760 4189 4286 4993 5312 6683 7304 7578 8116 9078 9650
353 246 250 366 854 2559 3380 4060 4124 4407 4705 4737 6121 6226 7409 8470 9123
354 1205 2221 2606 4317 4811 5300 6192 6546 7460 7916 8659
355 87 1729 3365 4358 5766 5787 5936 6215 8535 9403
356 668 759 1465 1638 1962 2590 3422 3616 4363 4846 5044 5085 5412 5862 6630 8343 8714 8887 9816
357 1460 2759 3185 3597 4502 4511 4924 4987 5280 6089 6752 8136
358 196 203 476 2092 2712 2869 3383 3723 3860 5161 5917 6587 6964 7180 7795 9265 9982
359 278 1458 1896 2007 2385 3721 4735 6734 8215 8907 9025
360 1634 1660 2657 3294 4216 5215 5695 6294 6429 6601 6833
361 2191 2863 3068 3349 3458 3573 5248 6041 6709 6942 7921 8736 9598
362 695 819 1188 1383 1828 1998 3135 5702 6694 8233 8368 8753 8800 9540 9937
363 2825 3197 3737 4424 6208 6357 6451 6814 7721
364 2416 3083 4877 4957 5172 6000 6464 8085 8748 8901 9181 9303 9575 9901
365 972 2419 4390 5236 6304 7133 7672 7775 7961 8055 8253
366 696 1429 1431 2662 3283 4324 4450 5772 6894 7742 8213 8264 8705
367 714 806 1083 1698 1851 2458 3533 4456 4589 5235 5249 7554 7902
368 964 2366 2587 3126 3969 7166 8099 9423 9456 9467
369 277 1160 1428 2967 3528 4410 5110 5571 6749 9687
370 29 482 1273 2346 4080 4713 4728 6372 6778 7077 7120 7301 7844 8025 9671 9903
371 0 451 675 2583 2907 4321 4582 6548 7792 8446
372 602 1617 3818 4214 4612 5257 5912 6227 6677 6722 7415 7861 8049 9981
373 863 1601 4026 4351 6746 6796 6892 7210 8510 9004 9147 9238 9465
374 307 1929 2247 2497 3240 5353 5778 6504 7053 7654 7828 8466 9436
375 823 1646 1918 2009 3469 5349 5744 6180 8195 8658 8978 9232 9770 9783
376 113 151 557 2471 3300 4103 4148 4152 4404 6169 9348
377 771 1186 1440 1727 3277 4345 4672 4824 7797 8480 8710 9514
378 1463 1637 2038 2168 2272 2693 4015 4070 5743 5755 6584 7530 8130 8515 8608 9027
379 493 1147 1529 2322 2719 3189 3460 4698 5492 6129 6978 7276 8263 9440
380 1168 2183 2329 3236 3926 4573 5216 5258 5370 5854 6470 8186 8992 9955
381 798 1006 1835 2679 2920 3882 4510 4860 8737 9364 9660 9853
382 407 1606 3532 4318 4623 4854 6755 7998 9142 9230
383 1248 2270 2939 3270 3463 3838 4418 4958 5287 6082 6134 6767 7141 9014 9125 9203 9621
384 271 386 679 1022 1322 3961 4656 8804 9120
385 160 325 1920 2750 2844 4519 5513 5555 5651 8708 9022 9130
386 168 1907 1969 2112 2426 3418 3596 3702 6234 7004 7023 7448 8105 8844 9429 9571
387 305 1210 2663 3705 3811 5175 5845 6968 7104 8031 8077 9797
388 1392 2684 4866 5346 6178 6209 7307 8210 8926 9160 9298
389 550 1571 1691 1997 2253 3776 4969 5427 5626 7333 7749 7845 8756 9949
390 349 1399 2125 3492 4215 4808 5972 6331 7038 7041 7331 7751 8337
391 1642 1780 2071 2464 2548 2751 4326 5387 6031 6817 7303 7477 8634 9007 9318
392 225 230 253 982 2853 5334 5483 5968 7603 9567
393 2 979 1670 1694 2699 3465 3959 4039 5941 6413 6653 7028 7569 7977 8780 9224 9827 9834
394 2156 2429 4191 5460 5922 6230 7227 8285 8741 8859 9352 9607 9843 9974
395 477 1091 2001 2335 2369 2476 3512 5054 5251 6170 6854 7840 8507 8757 9443 9740
396 947 1304 1373 1510 2378 2726 2794 5224 7808 8217 9752
397 209 692 718 765 1302 3308 4838 5558 5575 7060 7767
398 82 605 1364 1559 2282 2783 3423 4240 6585 8152 8450 8742
399 1115 1207 1410 3164 3334 3755 3984 5445 5526 6708 8494 9409
400 408 411 1239 3176 3997 4480 4727 5508 5822 7246
401 379 616 1161 1968 3513 4553 4740 5898 7543 8625 9989
402 187 2921 3035 3480 6175 6325 7534 7557 8865
403 200 2047 2318 3205 3720 4139 4625 5239 7205 8117 8141 8645 9135
404 641 691 1348 1773 2874 3547 3985 5867 7453 8703 9290 9859
405 1306 1763 2264 2421 2885 3267 3729 5179 5301 7253 7627 8089 8143 9225
406 2194 2483 3331 4435 4517 6253 6647 7281 8377 8552 9013 9194 9758 9896 9902
407 1034 1337 1866 3113 3522 3657 4830 5038 5546 6164 6428 6925 8042 8671 8744
408 86 2594 3948 4484 5781 5905 6263 7494 8847
409 44 134 744 766 1087 2735 3852 4755 4988 5773 7427 8351 8899 9635
410 122 1169 2076 2457 2635 4264 5395 9047 9065 9245 9492
411 553 1316 2290 2372 3064 4061 4151 5502 5909 6076 7346 9164
412 53 241 909 1265 1718 4338 4651 5290 7564 8747
413 179 304 3450 6307 7014 7129 8518 9144 9378
414 98 440 1767 2665 4534 4610 6243 8120 9942
415 736 1434 1981 2800 4354 5291 5292 6255 9289 9444 9457 9900
416 167 846 1280 3171 4108 4619 6400 6479 6972 8953 9001
417 342 4110 4826 5285 5852 6097 6296 6509 8093 8427 9073 9825
418 843 873 1130 1237 2668 3261 3552 3830 4319 4360 5566 6315 6644 8813 9488 9608
419 1070 1198 1242 1351 1900 2032 3117 4000 5911 6720 8038 9781
420 284 480 1163 1862 2225 2480 6102 6152 7424 8044 8361 8687 8874 9261
421 1923 2262 3363 3744 3857 4586 4607 5138 5244 5451 5868 6419 6899 7049 7875 8716 8733 8830
422 813 1892 2615 4087 4093 4126 4991 5848 6185 6201 7429 7697 7887 8170 9745
423 413 974 1077 1560 2035 2595 2674 3251 6952 7074 7150 9366
424 490 864 3820 3825 4195 6231 7469 8345 8635 9196 9451
425 81 499 1275 1863 2090 2552 3420 3765 5426 6800 9107
426 1081 1134 1346 2839 3408 3655 5682 5993 6115 6316 6324 6402 6410 7361 7536 7787
427 229 1336 2123 4664 4726 5011 5386 7036 7232 8011 8140 8431 9413
428 1883 3527 3641 5338 5671 7181 7580 8202 9060 9600
429 414 663 1788 4970 5176 5677 7352 7371 7472 7663 8238 8387 8609 9357
430 1800 1822 2364 3793 4445 4463 5137 6549 7911 9417 9872
431 50 604 1235 2160 3198 3667 4037 4873 6104 7365 7922
432 1038 1515 2085 4066 5408 6002 6143 6309 7330 8362 8921 9606
433 142 265 1838 2355 2423 4391 5456 5467 6327 7841 8572 8743 8790
434 210 331 529 1749 2462 2611 3014 4747 4938 8137 8278 8728 9273 9735
435 233 332 603 2746 2774 6724 7223 7383 7455 7774 9472
436 1705 1814 3230 3386 4419 5358 6710 7102 7130 7566 8948 9068
437 1721 3564 6245 6290 6704 7008 8626 8799 9482
438 268 676 1583 2350 3351 4757 4804 4835 8358 8440 9146 9186 9302 9587
439 501 532 2146 2223 5139 5197 6148 6393 7162 7482 9153 9184 9775 9961
440 100 362 420 608 989 1085 1445 1479 3714 4537 4902 6556 7170 7975 8927 9407 9573
441 2024 2961 3102 3676 5420 5613 6022 6667 6785 7136 7217 7918
442 23 1176 1474 2077 2389 2614 2736 4272 5477 5747 5853 6229 9928
443 22 447 518 1371 1796 2555 3783 4071 4077 4140 4891 5034 5064 5509 7248 8284 8895
444 115 390 1323 2135 3375 4050 4356 5109 5155 5715 6139 7713 8260 8674 9945
445 621 658 1952 2824 3258 4310 4763 5939 7349 8455 8579 9051 9085
446 510 1528 1723 2207 2577 2996 4162 5454 6633 7481 7843 8231
447 78 1106 1266 1457 5764 5983 7282 8402 8588 9767
448 3390 3401 3886 5213 5994 6059 6274 7773 8867 9425
449 180 206 861 1080 2337 3542 3791 5790 6838 6944 7354
450 60 2536 3656 3785 3953 4359 4787 6367 6954 7114 7653 8079 8959
451 955 1140 1212 1558 2218 2455 2799 3129 3207 3937 4478 4951 6430 7119
452 370 630 966 1603 3449 4694 5810 8164 9112
453 42 279 1284 1527 1826 2296 6042 8715 8835
454 653 1605 1704 2803 3892 4337 4785 5586 7540 8870
455 611 656 1287 1587 2717 3425 4041 5228 5323 6222 6696 7208 7360 7639 8508
456 1416 1664 1719 2351 2692 3285 3955 4045 4702 7849 8015 9899
457 986 1453 1849 2297 3257 8463 9171 9349 9941
458 1012 2126 3427 3706 4038 4587 6328 6387 7195 8059
459 2061 2167 3557 3766 3859 3958 4383 6425 7810 9398
460 28 571 1021 1553 2621 3498 4376 6441 7466
461 397 1148 1976 2723 3234 5988 6494 6544 6990 8399 9389
462 3553 3732 3891 4528 5355 7231 7376 7622 7879 9287 9533 9549 9789
463 157 2046 2772 2908 2933 4193 5717 6285 7211 7888 8179 8441
464 95 1313 2518 3555 3610 4285 5144 5410 5656 6218 6810 6901 7657 8392
465 51 1955 2173 2957 3529 6610 7100 7154 7528 7988 9913
466 436 1361 1841 4605 4645 4706 6444 7755 7872 8373 9555 9582 9628
467 381 786 1613 1632 3256 3634 4131 4294 4379 6397 7556 8596 9624
468 2309 3848 4197 5277 5724 6179 7522 7723 7991 9049
469 219 393 1193 2336 2707 3588 4046 5424 6824 7226 8954
470 1639 2508 3034 3352 3715 3963 4527 5234 5652 6747 7314 7485 7784 8086 8532 8832
471 568 2437 2445 2672 3159 3583 4503 6193 7164 8564 9503
472 792 953 1017 1192 2064 2640 2655 3077 3580 3752 5059 7688 8554 8812 8905 9291 9461 9669
473 182 321 1117 1230 2925 3111 3545 3584 4576 5103 6360 7562 7638 8167 8289 9616
474 446 899 1572 1820 2479 2554 2992 3058 3260 3975 4212 8700 9279
475 2196 2819 4166 4238 4342 4948 5031 5504 6595 8009 8489 8637
476 336 1197 2968 3174 3366 3887 5153 5816 6205 6823 7897
477 102 1375 1380 2037 2769 2870 3031 3301 4856 6488 8678
478 90 722 725 4018 4073 5684 5712 6364 8571 8732 8816 9080 9918
479 9 712 1388 3704 5124 5163 5229 5515 6265 6408 6791 9304
480 1471 3576 3684 3807 4812 4907 5230 5379 5891 7185 7533 7954 8283 9326
481 92 913 1329 1648 1681 1811 1944 4897 8109 8438
482 1166 2789 3002 3330 3374 5117 7116 7691 8487 8613 9519 9866 9946
483 1142 1195 2184 2653 2709 3913 4330 4533 5434 6512 7629 7816 7984 8888 9617
484 1025 3620 3698 3802 4120 5363 6025 6404 6458 6674 7535 8114
485 1236 3772 3827 3841 4222 4819 4822 5874 6181 6793 6900 7392 7864 8227 8319 9111
486 1288 2060 2687 3275 3467 4192 4855 5275 5622 6962 7105 7461 8275 8309
487 417 706 4632 4669 4883 5667 5859 6214 7428 7937
488 1358 3419 4903 5134 6757 7042 7552 7601 8746 9757 9848 9862
489 1562 1585 1776 3203 3216 3505 4253 4572 5107 5299 7904 8676 8831 9640 9936
490 76 2222 2980 4175 4421 4697 4998 6542 6895 7037 8562 9215 9477
491 2033 3177 5413 5647 5882 6126 6135 7537 7659 7950 7986 8081 8614 9831 9972
492 396 1403 3052 3504 4439 4858 6590 6873 9427 9634 9657
493 1702 1986 1989 2469 2690 3356 4538 6476 7583 7931 8950 9150
494 1344 2383 4230 4352 4660 4869 5279 5404 7025 7197 9011 9380
495 867 894 1751 2397 2749 3015 3080 3787 4118 7722 9458
496 3 154 3362 3869 4178 4985 5135 5617 6534 7484 7606 7762 8881 8885 9086 9583 9636 9728 9930
497 59 1456 1854 2045 2491 4255 7614 8018 8198 8245
498 442 627 1262 2367 3005 4703 5547 6014 6144 6250 6918 7382 8566
499 34 67 758 1035 1245 1672 2376 2609 2804 6733 8699
