100
0 9 18 326 385 425 446 508 557 634 707 755 826 892 893 935 1042 1051 1243 1278 1310 1334 1378 1671 1734 1838 1883 2089 2255 2308 2429 2431 2450 2671 2718 2770 2829 2900 3005 3027 3157 3211 3575 3825 3994 4026 4058 4345 4445 4448 4538 4593 4640 4727 4733 4898 5016 5060 5120 5162 5307 5326 5366 5424 5443 5532 5581 5584 5762 5809 6010 6068 6169 6312 6390 6486 6492 6538 6605 6610 6714 6792 6801 6840 7012 7146 7214 7371 7460 7501 7579 7631 8039 8231 8252 8259 8356 8364 8457 8655 8966 9082 9220 9333 9413 9615 9697 9703
1 123 213 229 339 409 651 773 963 1033 1151 1220 1360 1532 1536 1577 1666 1706 1836 1960 1969 2025 2092 2124 2352 2446 2495 2597 2605 2725 2744 2748 2808 2821 2849 2934 2938 2954 3289 3315 3354 3357 3379 3559 3794 3892 3899 3964 3995 4276 4382 4426 4468 4522 4663 4681 4822 4977 4993 5233 5570 5630 5904 6070 6116 6224 6287 6292 6318 6332 6342 6618 6698 6791 6829 6875 6930 7041 7257 7306 7341 7612 7643 7784 7861 7930 7976 8046 8216 8218 8302 8558 8678 8691 8701 9251 9461 9498 9533 9605 9681 9716 9849 9967 9983
2 50 73 105 287 323 379 735 791 797 849 975 1048 1289 1298 1453 1549 1555 1589 1725 1862 1938 2023 2121 2161 2179 2627 2729 2929 3022 3254 3335 3698 3804 3913 3969 4680 5114 5166 5345 5399 5460 5541 5716 5831 5949 6000 6041 6090 6123 6236 6262 6325 6358 6576 6766 6987 7125 7202 7256 7291 7361 7456 7489 7502 7602 7710 7843 8033 8074 8149 8190 8207 8223 8320 8399 8444 8573 8659 8662 8765 8806 8865 8951 9086 9282 9408 9527 9531 9624 9732 9737 9813 9817 9892 9920
3 182 223 534 653 670 746 750 817 933 973 1100 1395 1429 1519 1588 1643 1673 1767 1875 1915 2000 2091 2102 2142 2411 2519 2673 2776 2827 2887 3137 3206 3263 3322 3495 3505 3638 3708 3739 3800 3807 3890 4003 4087 4210 4291 4394 4504 4600 4619 4677 4802 4811 4860 4928 4954 5069 5258 5299 5322 5355 5505 5602 5781 5856 5901 5960 6038 6074 6367 6596 6614 6662 6666 6798 7197 7211 7270 7288 7388 7638 7677 7840 7897 7920 8072 8194 8239 8460 8471 8601 8619 8645 8664 8672 8733 8767 8855 9069 9161 9643 9909
4 25 82 134 458 580 659 910 1004 1041 1156 1157 1252 1273 1275 1305 1470 1633 1644 1832 1878 1996 2459 2625 2682 2876 2922 2956 3069 3327 3519 3789 3961 4034 4076 4088 4099 4124 4143 4219 4334 4337 4613 4646 4975 5015 5195 5199 5371 5500 5691 5813 5880 5911 6075 6158 6346 6401 6440 6668 6796 6918 7066 7079 7107 7227 7240 7385 7451 7779 7832 7986 7989 8071 8131 8152 8162 8668 8690 8828 8890 8995 9028 9149 9210 9268 9288 9351 9528 9588 9633 9658 9688 9708 9711
5 2 14 65 217 242 394 562 583 608 672 697 805 891 930 1006 1108 1199 1227 1267 1313 1338 1493 1497 1515 1596 1619 1640 1642 1709 2019 2153 2163 2362 2410 2526 2549 2573 2621 2878 2972 3004 3145 3146 3249 3358 3457 3470 3471 3501 3811 3984 4154 4179 4240 4331 4434 4562 4645 4666 4771 4786 4799 4828 4947 4964 5046 5122 5123 5197 5226 5316 5499 5529 5791 5944 6021 6465 6468 6470 6530 6589 6629 6700 6768 6831 7090 7134 7283 7494 7516 7558 7635 7753 7778 7848 7941 7996 8301 8492 8504 8518 8965 9041 9092 9198 9260 9411 9547 9771 9804 9806 9816
6 47 79 280 306 590 607 807 818 1469 1560 1772 2024 2043 2208 2222 2316 2406 2490 2782 2791 2813 2842 3053 3191 3550 3581 3641 3792 4041 4043 4073 4160 4402 4686 4704 4718 4838 5038 5058 5088 5132 5143 5189 5210 5394 5510 5612 5725 5875 6062 6093 6368 6472 6477 6635 6665 6841 7046 7062 7111 7251 7409 7463 7746 7872 7908 7910 8028 8205 8267 8271 8330 8373 8411 8577 8671 8716 8718 8753 8853 8877 9150 9154 9168 9226 9347 9372 9428 9465 9495 9512 9612 9729 9742 9844
7 68 87 140 153 164 328 395 709 786 865 1011 1063 1211 1238 1260 1277 1281 1389 1523 1842 1970 2132 2135 2646 2662 3044 3097 3153 3420 3513 3565 3644 3773 3896 3902 3906 3945 4095 4149 4317 4484 4491 4494 4533 4608 4623 5151 5171 5173 5342 5577 5580 5607 5628 5885 5976 6134 6162 6171 6272 6373 6389 6493 6582 6744 6794 6899 7015 7030 7167 7203 7279 7331 7435 7485 7508 7702 7736 7792 7806 7809 7957 8118 8182 8191 8294 8329 8446 8498 8835 8885 8947 9357 9534 9793 9832 9878 9916 9999
8 27 95 240 243 334 491 630 644 685 762 913 982 1061 1141 1166 1233 1306 1373 1750 1780 1829 1864 2205 2328 2331 2704 2855 2997 3058 3167 3212 3223 3428 3475 3507 3566 3605 3692 3700 3934 4017 4086 4443 4458 4493 4528 4598 4728 4910 4982 4996 5048 5070 5091 5524 5609 5815 5996 6078 6083 6363 6571 6590 6601 6671 6739 6742 6949 7174 7196 7294 7329 7347 7402 7403 7426 7523 7573 8106 8203 8343 8345 8394 8441 8699 8758 8869 8978 9079 9108 9276 9472 9499 9536 9558 9572 9731 9872 9873 9954
9 241 288 297 369 423 454 478 490 611 706 748 772 979 1167 1230 1406 1409 1467 1498 1520 1591 1607 1957 2288 2353 2386 2391 2434 2539 2541 2543 2568 2750 2837 2867 2886 2907 2945 2957 2987 3079 3234 3345 3361 3411 3646 3766 3834 3982 4094 4268 4380 4472 4642 4723 5043 5064 5067 5117 5459 5463 5479 5592 5640 5658 5663 5667 5737 5776 5893 5984 6081 6167 6520 6587 6648 6734 6896 6995 7100 7363 8127 8325 8378 8482 8529 8724 8810 8961 9190 9283 9440 9484 9549 9640 9659 9780 9791
10 485 505 620 756 897 981 986 996 1075 1124 1158 1207 1209 1348 1756 1833 1849 1881 1890 1895 1896 2280 2332 2451 2470 2618 2697 2955 2978 3056 3138 3164 3185 3285 3464 3511 3591 3786 3844 3855 4002 4013 4054 4068 4075 4272 4343 4489 4679 4793 4857 5234 5293 5353 5354 5356 5393 5402 5491 5521 5798 6013 6106 6136 6261 6268 6327 6674 6809 7059 7153 7315 7377 7796 7851 8048 8262 8419 8447 8522 8544 8594 8612 8635 8719 8789 8796 8863 8916 9059 9167 9169 9181 9207 9221 9222 9292 9392 9423 9456 9577 9582 9752
11 116 158 226 317 361 434 448 536 550 782 874 995 1152 1351 1447 1451 1465 1678 1692 1707 1752 1771 1885 1966 2028 2046 2100 2112 2301 2363 2401 2403 2418 2420 2586 2716 2816 2835 2912 3020 3026 3162 3385 3467 3499 3514 3570 3621 3686 3727 4178 4278 4286 4287 4554 4627 4841 4847 4854 4901 4918 4946 5276 5390 5610 5662 5700 5845 5849 5868 5908 5931 5936 5947 6055 6108 6112 6148 6183 6192 6204 6336 6348 6517 6584 6785 6802 6904 6972 7075 7175 7226 7354 7530 7776 7791 7886 8104 8135 8145 8426 8588 8628 8788 9118 9433 9523 9627 9707 9801 9866 9887
12 7 52 112 205 300 633 649 655 690 691 757 843 846 870 946 1325 1452 1482 1487 1548 1855 1907 1959 2172 2191 2324 2347 2407 2633 2705 2898 2996 3140 3166 3296 3318 3449 3481 3517 3543 3742 3779 3862 3878 3937 4066 4389 4513 4548 4739 4775 4787 4806 4894 5685 5790 5802 6160 6258 6353 6360 6388 6412 6437 6453 6759 6905 6974 7133 7379 7433 7465 7487 7488 7511 7690 8402 8542 8689 8705 8897 8957 9002 9376 9454 9509 9518 9603 9637 9678 9851 9948
13 142 177 187 349 386 416 558 602 682 718 923 945 1077 1114 1196 1200 1262 1788 1845 1913 1962 2016 2125 2151 2159 2175 2192 2196 2199 2266 2375 2376 2803 2804 2810 2909 2943 3033 3115 3122 3265 3268 3423 3432 3598 3603 3688 3695 3837 3880 3894 3957 4139 4299 4306 4311 4441 4576 4580 4596 4755 4853 4909 4992 5113 5133 5334 5462 5516 5539 5669 5826 5869 6067 6235 6335 6380 6534 6660 7234 7271 7328 7471 7574 7748 7835 7878 7914 8179 8277 8281 8321 8357 8640 8735 8766 8803 8959 9117 9173 9234 9245 9668 9682 9720 9721 9770 9869 9961
14 43 69 212 266 350 363 376 426 482 535 593 646 648 927 1043 1139 1415 1430 1450 1475 1603 1670 1674 1787 2272 2313 2357 2462 2508 2532 2632 2644 2655 2659 2836 2951 2993 3104 3114 3486 3535 3606 3608 4135 4307 4408 4514 4670 4672 4703 4788 5031 5126 5256 5392 5525 5600 5666 6027 6077 6127 6177 6456 6471 6513 6711 6878 6895 6917 6919 6983 6988 7043 7088 7117 7198 7254 7314 7551 7566 7608 7717 7728 7798 7865 8005 8186 8221 8397 8418 8427 8546 8552 8593 8599 8651 8787 8808 8841 8937 8993 9005 9052 9124 9448 9831
15 131 137 237 393 487 498 548 563 616 676 766 895 915 1072 1104 1123 1255 1374 1463 1489 1502 1545 1614 1615 1761 2138 2304 2711 2717 2798 3130 3184 3456 3651 3682 3806 3836 3876 3986 4010 4036 4097 4137 4259 4481 4693 4770 4934 4980 5021 5024 5049 5086 5167 5174 5310 5441 5549 5551 5800 5927 6256 6259 6264 6378 6581 6626 6699 7002 7042 7044 7054 7140 7215 7375 7518 7627 7762 7782 7813 7974 7998 8081 8439 8590 8911 9114 9116 9148 9231 9316 9388 9685 9698 9769 9779 9903 9918
16 202 373 483 556 666 987 1028 1117 1242 1272 1323 1472 1543 1621 1951 2171 2186 2200 2397 2670 2707 2737 2872 2936 3023 3147 3351 3397 3410 3429 3567 3601 3654 3689 3764 3866 3898 3910 3924 3927 3963 4001 4150 4290 4412 4471 4475 4501 4535 4547 4737 4752 4852 4886 4956 5136 5742 5806 5807 6174 6282 6375 6604 6611 6706 6865 6870 6882 6938 7027 7187 7263 7276 7332 7355 7383 7493 7599 7678 7679 7703 7805 7844 7857 7870 7915 8161 8300 8311 8318 8368 8410 8421 8456 8592 8617 8838 9021 9026 9037 9056 9165 9379 9613 9666 9740 9883 9911
17 15 46 110 141 281 388 389 419 512 599 790 794 1005 1316 1372 1590 1592 1597 1652 1738 1762 1797 2029 2037 2088 2143 2226 2238 2372 2475 2698 2971 3024 3220 3314 3320 3407 3569 3642 3683 3771 3858 3915 3944 4069 4188 4211 4246 4263 4404 4582 4690 4843 4887 5254 5277 5297 5478 5619 5621 5646 5905 6159 6194 6461 6546 6638 6696 6722 6803 6935 7037 7058 7104 7160 7284 7405 7524 7629 7650 7711 7863 8008 8030 8091 8121 8270 8349 8393 8723 8760 8770 8817 9083 9121 9137 9138 9279 9312 9313 9342 9368 9500 9625 9744 9824 9847 9876 9960
18 40 147 179 185 336 439 494 552 569 604 804 983 1195 1246 1324 1421 1514 1547 1663 1664 1693 1748 1926 1931 1943 2414 2456 2505 2547 2664 2822 2825 2862 3105 3119 3208 3483 3588 3614 3671 3867 4021 4067 4078 4222 4486 4805 5224 5308 5420 5480 5797 5943 6018 6047 6200 6642 6800 6944 6984 6999 7298 7340 7422 7592 7656 7658 7674 7729 7749 7760 7774 7912 7952 7995 8100 8105 8200 8276 8521 8548 8609 8669 8746 8775 8831 8860 8960 8970 9053 9125 9208 9537 9590 9619 9620 9783 9912 9919 9924 9998
19 70 114 220 333 375 418 432 455 582 603 739 842 907 959 968 1240 1541 1714 1743 1975 2265 2449 2602 2634 2667 2828 2870 2942 2994 3176 3338 3372 3998 4009 4016 4029 4064 4192 4248 4415 4480 4682 4858 4876 4915 4923 4932 4972 5153 5156 5452 5946 5950 5962 6153 6208 6214 6454 6463 6488 6615 6625 6639 6728 6977 7099 7149 7302 7362 7453 7458 7559 7589 7993 8079 8080 8111 8125 8142 8280 8375 8392 8413 8423 8437 8580 8597 8685 8725 8774 9046 9064 9068 9209 9266 9338 9493 9589 9713 9926 9964 9972
20 124 138 192 231 474 614 625 668 669 889 931 1008 1035 1111 1180 1213 1294 1343 1424 1672 2053 2165 2242 2297 2325 2368 2800 2953 3052 3201 3207 3371 3510 3568 3729 3768 3815 3871 3939 3954 4201 4312 4325 4340 4435 4450 4572 4605 4698 4712 4986 5383 5490 5560 5565 5643 5649 5675 5771 5828 6026 6223 6442 6451 6833 6861 7021 7065 7172 7320 7468 7525 7646 7810 7895 7950 8089 8099 8171 8232 8428 8479 8682 8698 8720 8786 9000 9070 9219 9314 9332 9348 9490 9530 9601 9611 9646 9695 9738 9865
21 0 3 60 62 396 461 514 615 658 827 896 916 1046 1311 1333 1354 1414 1439 1584 1654 1884 1894 1914 1927 1995 2059 2294 2327 2570 2630 2688 2752 2989 3055 3088 3116 3170 3258 3684 3737 3888 3925 4109 4161 4231 4258 4578 4617 4794 4921 4991 5448 5486 5572 5613 5922 6135 6619 6842 6884 6922 7008 7014 7060 7189 7275 7318 7429 7498 7673 7787 8134 8137 8282 8331 8442 8481 8643 8848 8943 9018 9103 9244 9270 9395 9432 9559 9581 9810 9863
22 83 111 183 331 908 944 950 965 1067 1079 1099 1191 1229 1332 1416 1428 1594 1782 1843 1945 1990 2293 2484 2506 2565 2575 2702 2759 2895 2998 3018 3144 3419 3512 3661 3893 4023 4092 4176 4398 4447 4521 4674 4744 4748 4840 4862 4863 4892 4979 4990 5062 5129 5170 5265 5315 5385 5411 5495 5519 5624 5748 5795 6092 6156 6172 6220 6233 6271 6301 6411 6599 6647 6661 6681 6684 6749 6889 7051 7137 7179 7245 7404 7603 7837 7880 8095 8212 8236 8273 8290 8298 8334 8341 8372 8517 8534 8541 8561 8583 8737 8792 8876 9016 9036 9223 9761 9968
23 4 6 8 51 154 321 343 399 486 511 524 613 745 868 877 964 978 1088 1094 1190 1365 1554 1950 2085 2119 2197 2283 2312 2323 2485 2534 2552 2734 2753 2824 2834 2841 3339 3530 3547 3724 3959 3971 4090 4100 4134 4280 4297 4308 4359 4453 4510 4560 4629 4647 4742 4827 4930 5182 5214 5221 5358 5360 5364 5375 5634 5769 5782 5900 6109 6140 6350 6428 6717 6721 6836 6979 7281 7303 7356 7391 7428 7642 7645 7923 8211 8332 8344 8469 8545 8624 8826 8949 9153 9250 9277 9331 9434 9445 9511 9963
24 5 72 130 435 689 694 1030 1290 1347 1367 1431 1612 1655 1823 1847 1984 2116 2129 2318 2419 2453 2555 2635 2638 2751 2844 2897 2924 2935 3095 3236 3474 3613 3628 3649 3678 3868 3976 4083 4145 4194 4250 4368 4431 4592 4643 4763 5073 5457 5472 5531 5617 5655 5696 5808 6321 6616 6669 6678 6839 6847 7123 7129 7206 7216 7244 7359 7439 7742 7842 7940 7965 8041 8230 8348 8407 8513 8547 8549 8695 8812 8821 8917 9006 9024 9043 9163 9228 9587 9604 9606 9639 9722 9749 9750 9829 9979
25 156 267 277 595 636 643 650 812 953 1023 1047 1212 1405 1618 1625 1632 1974 2022 2034 2068 2145 2244 2339 2436 2528 2840 2883 2899 2919 3031 3248 3424 3478 3607 3623 3730 3821 4050 4180 4209 4235 4256 4277 4349 4512 4726 4955 5034 5082 5142 5384 5676 5688 5717 6054 6082 6182 6345 6355 6359 6504 6650 6703 6963 7003 7353 7395 7613 7909 7979 8092 8144 8278 8616 8844 8982 9067 9127 9309 9352 9505 9529 9538 9675 9787 9841 9939 9965 9971 9985
26 35 199 346 480 538 554 570 640 809 904 952 1136 1143 1448 1513 1656 1661 1668 1736 2167 2269 2443 2447 2531 2699 2848 3068 3099 3193 3215 3218 3259 3350 3463 3707 3798 3942 4000 4531 4544 4604 4906 4967 5050 5268 5272 5410 5503 5542 5690 5961 5965 5972 6178 6323 6452 6455 6460 7009 7157 7169 7207 7272 7450 7536 7538 7568 7590 7657 7663 7713 7838 8087 8202 8316 8359 8374 8401 8490 8555 8603 8637 8654 8809 8931 9044 9140 9254 9325 9397 9515 9634 9768 9809 9966
27 77 90 312 355 370 468 551 869 1239 1531 1723 1777 1822 1846 1869 1958 1993 2314 2340 2373 2378 2799 2857 2891 2901 2918 2931 3009 3093 3141 3887 3973 4015 4117 4123 4191 4302 4414 4558 4590 4603 4656 4659 4999 5051 5068 5092 5247 5260 5309 5352 5555 5575 5775 5785 5824 5928 5982 6063 6176 6354 6498 6547 6897 6932 6992 7093 7113 7296 7474 7584 7733 7821 7991 8114 8210 8338 8386 8406 8756 8814 8941 8975 9012 9078 9158 9278 9284 9287 9508 9548 9555 9560 9796 9929 9946
28 20 26 234 271 309 368 523 759 761 788 825 852 1103 1265 1314 1566 1651 1798 1900 1968 2049 2064 2130 2184 2261 2424 2427 2460 2463 2601 2668 2861 3014 3086 3186 3224 3253 3366 3473 3508 3656 3765 3884 3903 4018 4254 4269 4358 4423 4469 4474 4532 4667 4836 5251 5314 5543 5578 5605 5863 5913 5921 6009 6089 6450 6553 6655 6799 6940 7096 7145 7258 7445 7596 7688 7960 8053 8093 8102 8531 8571 8600 8631 8825 8992 9093 9204 9576 9621 9978 9988
29 19 57 549 738 1135 1137 1234 1442 1506 1801 1810 1923 1965 2007 2026 2038 2042 2262 2305 2477 2637 2853 3101 3182 3230 3526 3560 3580 3660 3728 3745 3841 3941 3953 3979 4197 4270 4281 4384 4470 4526 4563 4584 4615 4616 4632 4810 4943 5083 5161 5222 5279 5290 5376 5654 5730 5803 5832 5852 5873 5948 6119 6257 6362 6377 6532 6577 6627 7115 7249 7597 7609 8255 8256 8279 8404 8465 8495 8578 8614 8805 8881 9004 9242 9243 9281 9295 9578 9585 9704 9712 9773 9811 9826 9862
30 193 208 464 475 504 542 683 729 758 883 1045 1052 1066 1131 1214 1287 1292 1359 1382 1383 1766 1928 1939 1979 1989 2002 2055 2225 2356 2361 2581 2940 3030 3102 3228 3272 3283 3326 3370 3480 3482 3490 3625 3647 3677 3781 3952 3956 3977 4573 4776 4968 4984 5025 5071 5187 5206 5270 5292 5343 5653 5664 5884 6005 6039 6275 6397 6425 6474 6483 6561 6765 6818 7033 7070 7097 7103 7118 7310 7322 7333 7368 7369 7513 7916 8061 8384 8466 8683 8867 8976 9014 9151 9164 9330 9371 9419 9609 9684 9691 9938
31 34 252 586 596 727 778 884 922 972 999 1336 1657 1793 1953 1988 2072 2158 2169 2246 2355 2399 2588 2868 2884 2966 3233 3237 3241 3477 3491 3732 3822 4042 4147 4193 4200 4433 4648 4753 4757 4846 4908 4974 5011 5094 5104 5107 5248 5335 5488 5597 5854 5860 5955 5967 6094 6290 6617 6747 6790 6862 6867 6985 6993 7246 7416 7496 7600 7756 7919 7945 8073 8128 8215 8304 8346 8405 8506 8572 8582 8674 8731 8839 9175 9249 9280 9302 9394 9452 9483 9542 9626 9861 9910 9913 9942 9975 9990
32 133 190 233 251 503 564 592 601 635 777 819 853 1074 1217 1435 1688 1786 1891 2113 2150 2220 2277 2342 2468 2513 2525 2658 2685 2923 3120 3132 3200 3294 3298 3421 3502 3637 3775 4207 4225 4236 4298 4372 4530 4678 4780 4916 4936 5065 5108 5340 5417 5437 5587 5614 5652 5656 5750 5879 6029 6424 6608 6883 6908 6948 7040 7095 7135 7162 7292 7349 7470 7486 7564 7715 7740 7751 7771 7808 7816 7946 7968 8163 8170 8283 8454 8494 8755 8768 8938 9133 9514 9837
33 11 48 108 113 165 232 345 427 479 509 722 728 957 989 1009 1127 1160 1192 1296 1346 1419 1593 1754 1769 1817 2004 2013 2018 2136 2147 2258 2648 2689 2709 2796 2797 2990 3039 3313 3347 3583 3584 3720 3744 3756 3921 3923 4112 4320 4407 4455 4641 4687 4701 5103 5179 5211 5215 5557 5574 5627 5758 5859 5932 6270 6420 6597 6634 6676 6808 6822 6868 6943 7307 7647 7954 7970 8010 8022 8029 8086 8209 8222 8299 8400 8562 8730 8829 8905 8914 8989 8994 9247 9407 9692 9706 9739
34 88 102 181 264 279 304 313 367 547 610 687 704 767 813 845 850 1018 1062 1120 1254 1504 1542 1629 1689 1744 2098 2115 2148 2156 2181 2216 2292 2371 2374 2550 2572 2585 2677 2950 3021 3401 3403 3437 3492 3851 3948 3997 4122 4195 4386 4499 4636 4664 5137 5139 5229 5508 5509 5517 5620 5768 5890 6001 6076 6079 6137 6219 6458 6757 6920 6934 6967 7101 7139 7236 7238 7408 7444 7526 7539 7812 7881 7992 8197 8220 8266 8297 8434 8459 8483 8644 8727 8892 8921 8934 9007 9123 9135 9172 9211 9803 9812 9934 9944 9970
35 91 107 219 285 382 469 501 629 742 1065 1259 1299 1371 1533 1579 1604 1675 1677 1858 1918 2045 2217 2245 2274 2512 2768 2802 2819 2838 2864 2908 2983 3085 3126 3133 3311 3596 3635 4085 4130 4175 4213 4296 4395 4428 4451 4565 4774 5028 5205 5282 5362 5408 5502 5554 5636 5648 5659 5753 5918 5929 6071 6157 6218 6228 6238 6302 6333 6338 6529 6566 6574 6746 6756 6772 7195 7220 7387 7413 7781 7953 8068 8085 8201 8310 8500 8526 8615 8715 8963 9131 9139 9225 9272 9300 9375 9436 9513 9541 9860 9921 9922 9928 9931 9947
36 64 71 407 527 872 881 941 1268 1341 1358 1388 1488 1699 1713 1757 1840 1903 1916 2079 2204 2254 2329 2366 2479 2611 2889 3087 3127 3239 3273 3325 3493 3634 3736 4077 4292 4515 4520 4637 4824 4919 5146 5148 5262 5264 5271 5285 5391 5458 5473 5635 5684 5842 5926 6037 6069 6147 6151 6152 6417 6506 6641 6789 6876 7068 7092 7161 7164 7316 7440 7449 7515 7623 7759 7780 7826 7896 7904 7947 7949 8035 8063 8123 8130 8195 8225 8335 8396 8560 8722 8804 8880 9090 9403 9574 9726
37 56 101 308 565 574 577 627 815 1247 1381 1394 1563 1687 1749 1899 2030 2074 2224 2249 2452 2509 2693 2860 2871 3013 3089 3235 3284 3344 3348 3422 3472 3496 3574 3610 3667 3882 4113 4364 4393 4432 4463 4673 4825 4950 5102 5111 5112 5138 5200 5344 5438 5899 6097 6170 6247 6293 6374 6449 6466 6478 6657 6677 6719 6877 6887 6950 6962 7049 7208 7231 7304 7504 7637 7727 7773 7836 7975 8496 8497 8584 8642 8686 8944 8979 8996 9022 9259 9275 9294 9519 9594 9632 9648 9727 9728 9834 9923
38 188 214 228 341 502 529 622 703 785 1101 1285 1385 1460 1471 1569 1711 1712 1921 1963 2233 2248 2530 2548 2561 2712 2767 2952 2962 3111 3139 3252 3442 3549 3673 3725 3758 3797 3819 3823 3828 4081 4116 4119 4174 4186 4190 4257 4396 4399 4503 4539 4591 4625 4716 4717 4767 4777 4797 4809 5009 5145 5273 5330 5374 5387 5566 5576 5595 5599 5732 5954 6269 6291 6502 6663 6740 6826 6937 7171 7286 7327 7348 7467 7560 7752 7900 7994 8108 8109 8559 8740 8777 8858 8983 9025 9095 9157 9176 9301 9367 9389 9544 9673 9702 9725 9776 9890
39 150 253 525 681 719 721 751 854 859 894 1390 1535 1581 1696 1776 1839 1882 1893 1982 1985 1997 2141 2345 2365 2381 2394 2438 2663 2726 2763 2777 2980 3128 3383 3409 3494 3561 3873 4155 4279 4429 4465 4545 4731 4768 4935 5033 5287 5489 5546 5604 5687 5752 5821 6016 6165 6398 6527 6736 6767 6775 6779 6990 7223 7266 7607 7640 7697 7709 8078 8336 8398 8451 8595 8717 8818 8819 8953 8967 8969 9042 9050 9192 9383 9421 9468 9753 9952
40 53 291 568 612 618 699 749 770 1130 1300 1307 1551 1606 1610 1720 1865 1873 2062 2137 2454 2489 2636 2754 2766 2937 3286 3362 3364 3406 3597 3668 3704 3827 3989 3993 4045 4165 4318 4335 4446 4485 4553 4766 4900 4905 4988 5004 5203 5212 5280 5332 5386 5397 5483 5713 5720 5837 6101 6229 6230 6242 6347 6395 6414 6415 6475 6511 6624 6675 6814 7020 7106 7308 7507 7615 7659 7725 7750 7859 7871 8065 8117 8139 8156 8337 8353 8463 8488 8587 8728 8833 9015 9019 9058 9160 9183 9401 9458 9474 9507 9510 9629 9676 9855 9959 9989 9993
41 21 132 186 259 261 506 587 594 679 857 926 980 988 1068 1208 1257 1258 1309 1317 1432 1456 1524 1813 1815 1905 2120 2194 2270 2285 2306 2349 2359 2400 2714 2939 3125 3222 3337 3400 3534 3548 3670 3718 3848 4011 4103 4351 4367 4388 4420 4421 4566 4602 4821 4937 5005 5040 5216 5339 5400 5418 5774 5874 5878 6004 6032 6505 6568 6716 6735 6784 6892 6942 6986 7005 7047 7180 7182 7241 7352 7441 7689 7723 7743 7885 8051 8067 8180 8181 8438 8604 8747 9297 9358 9393 9406 9469 9482 9623 9655 9906
42 89 93 293 357 652 654 700 914 940 958 1140 1165 1187 1189 1291 1293 1297 1871 1912 1994 2001 2122 2235 2387 2515 2521 2554 2631 2675 2823 2992 3092 3227 3375 3427 3484 3767 4044 4072 4187 4216 4239 4309 4328 4356 4543 4882 5317 5409 5427 5453 5475 5507 5668 5699 5891 6057 6131 6328 6329 6356 6556 6564 6630 6715 6817 6838 6859 7427 7452 7475 7562 7654 7718 7868 7927 7978 8003 8013 8038 8178 8245 8433 8461 8516 8606 8638 8647 8762 8823 8906 8920 8981 9373 9424 9521 9584 9614 9660 9723 9815
43 92 119 429 447 533 561 661 701 851 1263 1437 1500 1538 1576 1702 1728 1807 2035 2193 2422 2437 2773 2789 3063 3229 3299 3308 3399 3439 3498 3602 3665 3759 3802 3812 3911 4038 4089 4096 4324 4438 4527 4585 4759 5002 5012 5169 5204 5514 5520 5548 5553 5637 5697 5816 5883 5887 6033 6146 6186 6222 6234 6294 6341 6419 6525 6537 6640 6679 6781 6854 6954 7000 7114 7142 7188 7309 7330 7544 7625 7817 8018 8129 8147 8193 8286 8362 8622 8714 8752 9315 9415 9453 9486 9638 9759 9782 9904
44 44 117 191 238 374 381 431 438 856 901 954 1017 1106 1223 1228 1245 1384 1491 1659 1739 1789 1909 1933 2183 2203 2211 2448 2614 2624 3072 3080 3082 3169 3243 3395 3416 3462 3487 3497 3611 3643 3938 3988 4056 4168 4182 4330 4387 4417 4551 4589 4711 4784 4815 5255 5313 5331 5357 5398 5431 5562 5579 5608 5689 5695 5740 5743 5969 6535 6586 6602 6888 6945 7025 7026 7028 7102 7147 7313 7478 7514 7676 7785 7891 8084 8254 8296 8339 8464 8493 8687 8837 9143 9311 9535 9563 9616 9701 9792 9795 9825 9897
45 80 227 282 387 422 942 1014 1021 1335 1509 1522 1573 1580 1639 1781 1790 1812 1889 1991 2057 2146 2243 2402 2510 2546 2727 2735 2968 3076 3090 3113 3175 3305 3527 3664 3914 4019 4051 4141 4224 4242 4255 4361 4371 4401 4425 4456 4697 4735 4754 4760 4845 4859 4865 5014 5030 5079 5084 5201 5706 5767 6142 6216 6241 6274 6369 6383 6479 6514 6573 6727 6976 6994 7108 7130 7230 7519 7529 7587 7604 7683 7763 7767 8265 8317 8377 8528 8596 8700 8702 8706 8713 8854 8891 8927 9030 9257 9327 9569 9821 9969 9994 9995
46 58 59 126 175 230 299 378 530 811 839 885 966 1144 1218 1327 1401 1492 1816 2174 2250 2557 2739 2762 2809 2916 2963 2986 3017 3075 3117 3340 3524 3540 3572 3589 3675 3803 3978 4189 4203 4427 4449 4653 4872 4985 5097 5192 5198 5522 5527 5568 5606 6024 6028 6030 6035 6307 6344 6402 6646 6667 6737 6787 6969 7131 7165 7233 7255 7326 7506 7565 7726 7783 7811 7815 7889 7913 7934 8015 8040 8062 8305 8312 8347 8743 9035 9075 9120 9184 9215 9303 9425 9827 9871 9958
47 37 196 245 380 492 723 774 775 803 961 1025 1115 1154 1184 1344 1350 1397 1417 1518 1529 1685 1715 1731 1778 1805 1811 1897 1949 2296 2310 2335 2481 2496 2695 2976 3084 3123 3274 3281 3309 3949 4084 4127 4199 4237 4792 4849 4878 5037 5059 5076 5141 5249 5298 5324 5341 5416 5464 5611 5749 5823 5853 5993 5999 6168 6254 6265 6311 6622 6704 6707 6778 7168 7199 7398 7490 7665 7883 8610 8870 8886 8968 8972 9109 9334 9427 9592 9814 9870 9886 9899
48 22 152 310 362 518 572 769 838 880 919 1031 1076 1129 1162 1237 1329 1375 1404 1468 1660 1760 1868 1948 2221 2252 2289 2457 2514 2620 2736 2780 2888 2947 2960 3143 3180 3205 3257 3275 3394 3405 3658 3719 3761 3856 4060 4153 4171 4459 4500 4534 4587 4669 4994 5055 5494 5511 5736 5850 5872 5902 5907 5958 5995 6007 6056 6166 6316 6432 6441 6531 6549 6592 6680 6776 6824 6890 6966 7083 7204 7222 7338 7586 7898 7921 7973 8126 8206 8219 8233 8550 8554 8680 8850 8887 8955 8956 8988 9001 9412 9617 9645 9781 9854 9879 9908 9957
49 128 239 322 459 472 532 674 730 928 969 1420 1427 1552 1559 1631 1708 1825 1877 1902 1934 1987 2067 2082 2214 2223 2276 2487 2566 2641 2681 2795 3073 3378 3433 3453 3693 3713 3726 3810 3863 4166 4314 4460 5010 5041 5119 5318 5321 5477 5518 5836 5903 5935 6095 6227 6309 6512 6585 6869 7126 7252 7380 7381 7492 7534 7541 7543 7719 7853 7892 7906 7933 7936 8241 8285 8415 8620 8875 9098 9237 9240 9293 9324 9328 9360 9435 9743 9891
50 151 405 546 678 698 708 858 1093 1096 1125 1735 2011 2264 2298 2385 2455 2686 2715 2873 2894 3038 3096 3177 3297 3415 3516 3536 3631 3760 3769 3774 3799 3805 4121 4158 4185 4261 4275 4295 4477 4517 4652 4709 5134 5218 5294 5302 5365 5369 5378 5450 5727 5761 6203 6304 6476 6481 6651 6658 6743 6771 6925 7067 7089 7152 7192 7299 7336 7528 7831 7841 7925 7951 8014 8064 8132 8151 8227 8242 8248 8291 8452 8468 8574 8798 8857 8942 9020 9214 9426 9494 9504 9526 9882 9943
51 76 122 224 631 731 948 1572 1575 1802 1803 1908 1924 2066 2090 2094 2348 2350 2351 2396 2544 2564 2728 2921 3001 3029 3108 3148 3387 3414 3440 3465 3576 3712 3883 3985 3987 3992 4014 4057 4059 4284 4390 4571 4729 4814 4944 4966 4981 5152 5172 5245 5246 5311 5336 5530 5703 5705 5763 5840 5991 6011 6044 6105 6128 6495 6533 6545 6595 6710 6946 7016 7076 7218 7293 7397 7616 7621 7661 7664 7747 7828 7999 8183 8226 8607 8626 8661 8729 8962 9239 9622 9635 9642 9719 9724
52 24 247 531 628 743 820 860 861 863 1000 1082 1188 1249 1339 1444 1476 1550 1611 1925 2075 2109 2281 2307 2471 2529 2629 2970 3015 3077 3098 3178 3317 3353 3425 3500 3533 3541 3556 3640 3832 3849 3974 4035 4172 4473 4758 4765 4835 4837 4927 4959 5263 5447 5482 5544 5622 5796 6040 6244 6429 6499 6753 6769 6834 6858 7176 7239 7264 7282 7301 7671 7814 7939 7966 8026 8173 8295 8358 8514 8630 8707 8757 8896 9170 9230 9310 9356 9418 9600 9602 9651 9654 9693 9715 9755 9877 9927
53 63 97 209 371 421 453 657 720 793 977 1019 1050 1084 1102 1181 1330 1434 1436 1486 1568 1773 1906 2008 2047 2069 2099 2101 2176 2494 2643 2669 2959 3003 3142 3160 3323 3537 3545 3573 3593 3632 3636 3734 3946 4020 4030 4157 4354 4713 4750 4791 4808 4962 5054 5144 5296 5467 5501 5504 5623 5728 5894 6014 6111 6195 6209 6253 6313 6315 6448 6901 6902 7091 7228 7242 7344 7365 7438 7505 7737 7795 7823 7833 7855 7867 7890 7982 7990 8042 8047 8340 8472 8510 8556 8634 8704 8795 8866 8945 9326 9410 9478 9506 9556 9562 9667 9669 9775
54 74 143 315 528 639 677 702 792 864 888 949 1049 1295 1340 1464 1622 1694 1755 1799 1992 2110 2229 2286 2417 2536 2596 2676 2790 2854 2985 3012 3106 3171 3221 3269 3302 3564 3639 3701 3891 4115 4173 4274 4418 4422 4430 4719 4764 4781 4850 5042 5121 5154 5225 5228 5289 5406 5563 5585 5641 5647 5665 5709 5714 5895 5980 6399 6609 6612 6653 6685 6687 6811 6816 7248 7407 7606 7696 7701 7735 7758 7903 8023 8083 8429 8473 8952 9027 9142 9152 9171 9261 9274 9289 9322 9363 9364 9447 9561 9579 9610 9802
55 12 109 170 184 352 390 740 814 1113 1202 1226 1328 1345 1426 1438 1557 1683 1703 1940 1944 1947 2044 2144 2155 2190 2247 2330 2404 2913 3008 3047 3066 3129 3172 3292 3557 3600 3617 3755 3905 3975 4106 4541 4661 4683 4801 4873 4897 4971 5045 5223 5305 5347 5430 5465 5497 5603 5616 5733 6043 6217 6365 6403 6541 6580 6886 6955 6965 7001 7006 7007 7019 7109 7159 7554 7636 7777 7877 7932 8001 8136 8146 8172 8240 8243 8422 8639 8739 8862 9003 9017 9033 9072 9088 9205 9335 9431 9550 9700 9763 9790 9874
56 1 307 356 467 621 695 734 831 1179 1222 1248 1301 1326 1393 1479 1681 1898 1911 1936 2033 2177 2319 2488 2502 2592 2743 2786 3152 3163 3367 3546 3618 3709 3715 3746 3853 3931 3940 4032 4053 4070 4101 4136 4148 4378 4385 4457 4579 4586 4588 4594 4665 4694 4891 4912 4952 5193 5242 5513 5535 5625 5698 5718 5866 6144 6331 6337 6578 6697 6762 6763 6880 6931 6933 7119 7127 7224 7389 7418 7447 7462 7477 7520 7619 7684 7862 8004 8069 8184 8198 8208 8251 8303 8363 8370 8480 8486 8508 8790 8904 8929 9045 9305 9340 9757 9764 9819 9823
57 120 125 225 726 741 834 862 917 1069 1105 1357 1455 1528 1556 1733 1872 2009 2227 2267 2395 3057 3280 3290 3300 3304 3731 3877 3996 4133 4326 4381 4479 4574 4622 4689 4756 4773 5095 5155 5295 5455 5471 5547 5744 5760 5819 5835 5882 6003 6164 6180 6443 6507 6693 6797 6871 7013 7078 7194 7212 7221 7561 7582 7800 7846 7907 7924 7963 8020 8024 8113 8292 8351 8361 8388 8613 8801 8836 8894 9023 9189 9271 9354 9396 9422 9543 9596 9836 9875 9881
58 118 148 207 268 335 401 456 477 600 617 715 771 1112 1194 1215 1241 1286 1484 1650 1697 1704 1721 1732 1956 1983 2140 2256 2299 2367 2562 2690 2740 3054 3065 3131 3197 3202 3460 3515 3532 3738 3754 3929 3981 4264 4419 4439 4478 4488 4705 4880 4885 4922 4978 5029 5056 5109 5185 5238 5259 5346 5461 5593 5644 5677 5746 5780 5786 5851 5892 6008 6023 6034 6072 6205 6245 6324 6536 6593 6844 7116 7193 7311 7372 7423 7464 7799 7804 7869 8031 8116 8159 8188 8237 8268 8383 8807 8816 9200 9319 9339 9344 9366 9517 9545 9570 9953
59 30 127 270 314 318 338 351 413 519 671 789 929 997 1044 1164 1168 1201 1236 1256 1391 1627 1630 1724 1972 2006 2337 2369 2389 2465 2578 2732 2757 2772 2874 3000 3070 3109 3270 3324 3539 3741 3874 3955 4091 4228 4327 4341 4483 4549 4983 5118 5380 5429 5481 5586 5861 5920 5933 5998 6050 6064 6149 6179 6206 6303 6306 6385 6410 6490 6606 6793 6898 6958 7209 7424 7521 7618 7648 7803 8174 8214 8217 8269 8288 8646 9106 9145 9146 9166 9216 9370 9473 9797
60 45 203 248 342 347 433 489 576 626 1059 1085 1097 1283 1609 1617 1626 1698 1705 1722 1831 1852 1964 2237 2458 2473 2542 2551 2556 2598 2599 2742 2927 3159 3595 3838 3967 4040 4065 4071 4205 4217 4252 4285 4333 4360 4569 4631 4969 5124 5131 5165 5190 5283 5306 5349 5351 5564 5626 5657 5804 6085 6098 6126 6210 6386 6503 6682 6723 6773 6848 6853 6855 6927 7050 7392 7412 7414 7417 7495 7632 7716 7764 7786 7980 8036 8045 8158 8287 8308 8328 8390 8791 8811 8893 8908 8925 8932 8973 9047 9060 9113 9191 9463 9644 9686 9822 9992
61 149 260 348 460 516 520 591 645 711 737 924 1055 1225 1308 1363 1440 1474 1480 1716 1774 2152 2284 2413 2500 2640 2949 3032 3214 3231 3310 3722 3801 3816 3840 4031 4288 4350 4490 4511 4696 4789 4812 4948 5013 5125 5160 5181 5184 5202 5266 5440 5639 5645 5862 5956 5963 6087 6191 6198 6246 6249 6266 6314 6447 6683 6690 6745 6916 6951 6980 7071 7181 7571 7721 7793 7894 8097 8260 8324 8342 8602 8648 8901 8907 8980 9038 9089 9233 9350 9398 9460 9662 9730 9789
62 86 176 278 450 452 496 497 688 692 712 732 796 939 1171 1270 1386 1583 2134 2149 2188 2209 2215 2535 2590 2814 2902 2979 3062 3094 3155 3174 3219 3331 3590 3626 3681 3685 3703 3919 4063 4260 4352 4668 4820 4855 5018 5074 5278 5328 5367 5368 5377 5415 5582 5692 5773 5830 5844 6113 6145 6173 6196 6551 6692 6724 6820 6823 6850 6913 6928 6947 6971 7023 7074 7094 7260 7277 7345 7522 7768 7948 7956 7984 8000 8059 8224 8567 8677 8799 8939 8997 9051 9087 9307 9429 9444 9459 9485 9497 9586 9699 9765 9798 9800 9846 9853
63 168 319 417 499 567 714 912 976 984 1089 1399 1458 1510 1537 1605 2173 2207 2231 2341 2545 2563 2626 2645 2779 2783 2941 2969 3195 3418 3444 3750 3839 3972 4244 4294 4336 4536 4559 4856 4879 5008 5078 5300 5421 5423 5583 5704 5765 5784 5817 5867 5981 6099 6251 6339 6376 6550 6751 6761 6780 7141 7144 7334 7420 7512 7652 7692 7977 8076 8141 8166 8365 8478 8485 8515 8540 8589 8771 8797 9136 9188 9236 9267 9320 9381 9400 9430 9680 9772
64 49 411 623 784 867 1058 1176 1185 1425 1658 1717 1741 1753 1758 1806 1814 1935 1941 2048 2105 2182 2213 2232 2425 2478 2491 2765 2806 2826 2928 3196 3271 3293 3321 3330 3380 3381 3587 3705 3706 3740 3753 3776 3824 4027 4316 4369 4437 4442 4508 4525 4561 4649 4939 4951 5924 5939 6184 6201 6280 6509 6613 6837 6849 6941 7039 7085 7217 7324 7346 7406 7419 7454 7570 7905 7964 7987 8167 8309 8360 8425 8436 8509 8605 8794 8903 9054 9057 9101 9110 9134 9197 9206 9503 9593 9690 9900
65 263 290 292 398 408 441 673 1022 1029 1121 1147 1174 1342 1481 1485 1539 1562 1623 1635 1742 1866 1901 1917 1977 2065 2273 2358 2382 2412 2416 2504 2516 2527 2560 2589 2652 2801 2843 3049 3158 3261 3288 3343 3389 3434 3922 4126 4238 4282 4344 4618 4688 4715 4804 4929 4970 5007 5035 5096 5191 5275 5540 5558 5590 5682 5721 6049 6051 6163 6213 6445 6494 6652 6827 6832 6907 6909 6924 6981 6982 7155 7364 7386 7411 7437 7480 7546 7626 8060 8177 8326 8424 8432 8448 8764 8861 8913 9129 9155 9177 9238 9359 9502 9665 9852 9987
66 104 296 354 364 420 440 473 560 584 696 801 890 991 1013 1040 1145 1349 1366 1412 1567 1647 1800 1837 1920 2010 2234 2360 2439 2665 2678 2703 2749 2755 2865 2973 3074 3161 3217 3250 3251 3276 3691 3757 4253 4413 4782 4889 4942 5493 5569 5680 6103 6322 6497 6518 6555 6583 6588 7036 7350 7436 7593 7610 7997 8082 8119 8189 8313 8598 8623 8676 8703 8711 8712 8815 8986 8987 9011 9195 9391 9496 9546 9599 9784 9830 9907
67 42 157 255 383 471 835 1053 1170 1304 1517 1662 1701 1930 1954 2003 2040 2052 2078 2139 2275 2440 2445 2571 2594 2701 2706 2741 2774 2811 2863 2905 2948 3041 3043 3328 3376 3384 3412 3447 3563 3577 3582 3676 3749 3778 4159 4183 4245 4339 4516 4519 4599 4692 4747 4911 5235 5425 5432 5444 5487 5526 5601 5712 5715 5777 5783 5787 5814 5906 5925 5966 5977 6025 6084 6139 6243 6279 6567 6591 6795 6845 6891 7158 7243 7666 7685 7802 7830 7864 8088 8187 8293 8366 8387 8652 9097 9492 9656 9689 9741 9818 9884
68 96 135 521 555 637 1002 1027 1034 1060 1083 1153 1163 1276 1602 1624 1730 1828 1844 2058 2259 2344 2461 2738 2820 2875 3100 3441 3504 3578 3711 3809 3918 4037 4082 4093 4315 4357 4400 4454 4509 4555 4708 4785 4997 5284 5304 5388 5428 5434 5506 5632 5707 5719 5722 5838 5974 6045 6060 6125 6310 6426 6815 6964 7156 7210 7312 7351 7376 7432 7497 7542 7601 7653 7879 7942 7955 8052 8234 8244 8272 8502 8608 8629 8632 8780 8948 8977 9081 9147 9224 9746 9777 9788 9805 9914
69 10 55 94 99 311 316 325 451 463 465 513 875 1244 1266 1362 1376 1727 1857 2036 2061 2093 2212 2290 2383 2405 2421 2492 2517 2582 2653 2683 2730 2794 3107 3183 3312 3368 3451 3679 3791 3826 3833 3886 4028 4118 4377 4379 4657 4823 4899 4917 4925 4945 5032 5044 5159 5183 5319 5405 5594 5759 5871 5888 5937 5951 5957 5975 6193 6392 6572 6805 6997 7057 7675 7691 7704 7708 7714 8449 8520 8563 8575 8618 8778 8827 8898 8971 9029 9084 9104 9107 9174 9203 9263 9477 9657 9709 9734 9808
70 377 579 660 710 716 800 1024 1261 1331 1400 1521 1634 1682 1718 1809 1976 2364 2377 2523 2537 2608 2930 3198 3264 3369 3435 3615 3620 3743 3795 3818 3885 4012 4047 4048 4061 4230 4300 4410 4452 4476 4778 4888 4940 5019 5023 5106 5128 5158 5164 5468 5556 5766 5805 6115 6124 6232 6421 6557 6570 6645 6689 6732 6863 6923 6970 7069 7087 7323 7473 7576 7614 7617 7801 7874 7943 8096 8249 8527 8553 8697 9180 9187 9246 9516 9696 9888 9991
71 29 155 173 466 481 667 779 841 1012 1070 1128 1155 1302 1483 1565 1684 1986 2087 2104 2127 2230 2241 2260 2917 2920 3042 3067 3181 3333 3450 3622 3669 3796 3950 4249 4301 4581 4644 4662 4818 4829 4883 5039 5047 5100 5130 5323 5333 5451 5496 5538 5561 5673 5734 5820 5839 5898 5909 5994 6002 6048 6276 6405 6752 6873 7213 7305 7563 7578 7644 7734 7820 7825 7856 7858 7928 8066 8110 8213 8284 8487 8666 8999 9049 9073 9178 9248 9439 9455 9525 9630 9664 9762 9941 9984
72 283 430 833 840 938 974 1071 1142 1337 1369 1595 1628 1686 1763 1775 2014 2095 2168 2206 2423 2464 2503 2642 2684 2724 2788 2817 2851 2879 2890 2995 3011 3028 3287 3303 3352 3503 3696 3770 3912 4055 4120 4125 4303 4874 4949 5000 5093 5178 5188 5219 5370 5382 5446 5454 5789 5865 5938 5990 6277 6278 6467 6508 6521 6526 6543 6741 6846 6968 7694 7834 7854 7875 7926 7935 8140 8289 8315 8371 8381 8576 8586 8684 8726 8782 8888 9091 9105 9126 9130 9213 9264 9317 9369 9382 9402 9450 9598 9649 9674 9735
73 75 98 166 195 384 575 1001 1177 1204 1370 1403 1418 1585 1599 1653 1746 1821 1826 1835 1841 2162 2201 2218 2219 2497 2501 2507 2584 2661 2856 2926 3203 3355 3431 3448 3454 3489 3592 3599 3616 3694 3784 3820 3951 4005 4107 4170 4229 4304 4444 4537 4695 4816 4867 5243 5250 5252 5288 5348 5361 5412 5536 5596 5810 5822 5881 5973 5978 6036 6141 6308 6457 6480 6558 6569 6754 6777 6813 6912 7128 7237 7259 7628 7755 7790 7847 8002 8012 8057 8124 8376 8379 8395 8431 8751 8928 9115 9141 9291 9299 9308 9479 9566 9628 9767 9820 9885
74 61 198 249 276 324 327 444 799 821 951 1122 1253 1413 1729 1804 1876 2077 2300 2354 2847 2925 3034 3179 3226 3266 3438 3446 3509 3531 3672 3777 3808 3860 3865 3936 4049 4108 4152 4163 4218 4461 4639 4651 4803 4832 4833 4895 4961 5001 5115 5312 5476 5708 5723 5731 5747 5757 6012 6100 6190 6361 6423 6469 6702 6709 6872 6921 6978 7035 7150 7163 7325 7366 7394 7479 7583 7789 7845 7893 8011 8034 8115 8164 8355 8709 8763 8991 9040 9055 9262 9273 9355 9437 9466 9583 9653 9859 9867 9955
75 36 78 136 161 235 305 358 366 442 449 537 553 589 675 882 990 1010 1026 1159 1280 1379 1851 1863 1880 2587 2591 2600 2708 2746 2785 2787 2833 3081 3279 3373 3402 3455 3528 3558 3714 3850 3968 3970 3980 4227 4251 4323 4376 4881 4953 5006 5085 5320 5329 5589 5683 5827 5877 6042 6129 6207 6252 6366 6524 6631 6670 6894 7077 7081 7121 7173 7185 7295 7517 7547 7720 7797 7819 7822 7884 7918 8389 8458 8525 8822 8902 8990 9378 9390 9409 9488 9491 9554 9573 9714 9868 9894
76 218 437 507 510 544 573 585 597 832 855 985 1197 1205 1271 1284 1387 1423 1433 1477 1737 1796 2015 2039 2051 2185 2228 2253 2333 2409 2426 2493 2812 3040 3061 3112 3342 3359 3374 3408 3553 3687 3716 3814 4080 4129 4151 4355 4552 4684 4745 4941 5081 5105 5150 5194 5217 5291 5301 5338 5650 5770 5801 5825 5848 6046 6065 6104 6231 6317 6396 6459 6491 6542 6910 7053 7105 7122 7250 7461 7466 7585 7706 7730 7745 7788 7850 7967 8103 8154 8319 8475 8476 8503 8551 8773 8919 9182 9252 9286 9361 9608 9930
77 38 320 359 566 641 717 837 906 1092 1133 1495 1512 1558 1665 1700 1998 2031 2084 2131 2180 2278 2338 2380 2428 2756 3019 3247 3316 3349 3459 3485 3627 3663 3717 3788 3933 4008 4289 4332 4338 4353 4365 4523 4567 4685 4998 5036 5232 5240 5359 5435 5631 5864 5979 5992 6117 6199 6221 6226 6260 6391 6407 6562 6659 6720 6857 6864 6903 6929 7086 7191 7459 7595 7622 7639 7772 7860 7922 7985 8006 8025 8409 8484 8591 8621 8656 8688 8781 9009 9066 9099 9128 9144 9162 9255 9451 9553 9683 9935
78 160 298 330 414 638 844 902 932 1080 1186 1441 1459 1503 1527 1600 1747 1854 1955 2017 2041 2073 2096 2117 2187 2287 2334 2538 2574 2593 2656 2721 2722 2830 2885 3051 3110 3240 3341 3468 3525 3783 4102 4162 4184 4313 4462 4464 4749 4762 5022 5087 5381 5445 5638 5772 5829 6053 6120 6248 6295 6300 6334 6349 6540 6579 6594 6649 6701 6828 6881 6936 7048 7138 7229 7290 7410 7425 7472 7483 7535 7550 7670 7682 7722 7807 8007 8263 8380 8445 8530 8537 8641 8749 8849 8935 9039 9179 9285 9337 9341 9571 9595 9661 9889 9932 9936 9980
79 139 169 222 545 763 802 1036 1073 1091 1132 1138 1355 1422 1457 1726 2032 2126 2210 2393 2415 2498 2687 2793 2877 2961 2984 3216 3225 3232 3244 3391 3461 3619 4022 4062 4169 4362 4612 4671 4675 4702 4800 4864 4869 5017 5157 5231 5253 5257 5534 5693 5886 6080 6121 6132 6155 6197 6239 6240 6406 6607 6731 6788 6885 6911 6996 7166 7178 7261 7265 7384 7484 7552 7655 7902 8019 8412 8532 8633 8741 8779 8852 8871 8984 9071 9094 9159 9365 9416 9591 9778 9973 9976
80 17 180 216 221 365 410 500 725 754 760 780 787 1007 1056 1210 1312 1361 1364 1690 1794 1795 1834 1904 1980 2020 2054 2107 2268 2279 2433 2617 2723 2807 2882 2944 3520 3604 3666 3787 3845 3846 3904 3935 4006 4079 4098 4202 4208 4267 4467 4540 4710 4725 4746 4783 4796 4813 5528 5550 5671 5959 5997 6102 6107 6138 6175 6387 6434 6516 6552 6632 6750 6810 7098 7186 7232 7247 7510 7588 7620 7641 7649 7687 7866 8049 8055 8098 8327 8417 8536 8653 8868 8910 9080 9480 9501 9580 9641 9736 9766 9840 9893 9962
81 13 144 145 332 476 522 571 680 705 824 947 960 992 1057 1146 1183 1221 1224 1561 1574 1680 1751 2309 2379 2511 2628 2852 2881 2914 2915 3555 3652 3735 3830 3857 3861 3909 4131 4132 4198 4319 4321 4607 4635 4769 4817 4861 5175 5208 5559 5629 5726 5779 5788 5794 5818 6017 6061 6181 6215 6320 6371 6382 6394 6444 6473 6485 6500 6636 6718 6973 7267 7280 7421 7499 7594 7693 7695 7741 8165 8235 8250 8467 8501 8507 8539 8579 8710 8769 8785 8873 8930 9034 9404 9671 9856 9949 9974
82 236 262 284 286 295 443 488 517 539 753 1134 1264 1269 1446 1508 1620 1784 1853 1971 2198 2271 2315 2476 2522 2533 2579 2595 2650 2660 2672 2946 3006 3007 3010 3078 3194 3277 3521 3579 3650 3748 3772 3869 3889 3908 3932 4167 4181 4505 4518 4606 4706 4714 4890 4893 5072 5149 5209 5404 5414 5537 5615 5739 6019 6086 6237 6263 6283 6487 6628 6725 6956 7029 7084 7370 7555 7827 7899 8044 8094 8168 8314 8333 8523 8625 8649 8693 8879 9010 9013 9076 9186 9387 9487 9568 9631 9977
83 129 258 578 733 736 752 876 887 925 1107 1318 1410 1516 1637 1638 1646 1648 1932 1952 2086 2106 2157 2239 2370 2384 2432 2567 2577 2654 3165 3238 3363 3396 3585 3793 4046 4104 4347 4366 4375 4392 4466 4628 4638 4734 4741 4913 4920 5099 5196 5269 5533 5618 5674 5986 6022 6122 6154 6185 6187 6285 6364 6548 6730 7010 7032 7034 7052 7080 7110 7200 7273 7278 7567 7572 7605 7681 7744 7873 7888 7959 8150 8204 8257 8512 8708 8748 8772 8884 8936 9031 9077 9321 9380 9386 9438 9524 9857
84 329 344 663 665 684 713 836 848 878 905 934 994 1173 1319 1445 1473 1501 1505 1544 1645 1679 1783 1791 1886 1961 2012 2123 2166 2202 2321 2518 2761 2764 2839 2869 2892 2893 3149 3150 3319 3365 3458 3962 4142 4164 4405 4557 4614 4655 4700 4724 4730 4851 4902 4989 5098 5389 5485 5633 5660 5701 5778 5942 5987 6413 6482 6633 6694 6764 6906 6952 7004 7132 7317 7337 7431 7500 7591 7662 7738 7766 7882 7944 8021 8070 8075 8229 8391 8566 8744 8830 8958 8964 9061 9062 9102 9253 9362 9449 9475 9850 9915 9997
85 246 372 445 806 1119 1235 1303 1322 1356 1377 1466 1526 1820 1967 2164 2282 2472 2486 2680 2700 3002 3209 3255 3306 3476 3479 3554 3562 3723 3831 3875 3930 3990 4234 4495 4610 4654 4676 4834 4868 4904 4963 4995 5207 5303 5484 5498 5552 5573 5642 5651 5702 5889 6091 6114 6161 6299 6436 6501 6575 6637 6664 6673 6819 6852 6893 6959 7017 7268 7373 7390 7549 7557 7624 7698 7754 7969 7971 8090 8112 8122 8143 8192 8414 8440 8658 9235 9384 9399 9414 9565 9575 9717 9733 9880 9982
86 172 254 274 724 764 886 1109 1149 1203 1206 1321 1490 1499 1669 1765 1819 1856 1860 1879 1892 1937 2569 2612 2619 2674 2719 2747 2769 2866 2906 3060 3118 3151 3295 3336 3629 3655 3782 3817 3843 3881 3895 3943 3983 4007 4105 4156 4266 4409 4496 4699 5003 5020 5057 5066 5101 5661 5755 5799 5919 6189 6372 6379 6404 6433 6496 6519 6758 6812 6900 7148 7225 7253 7300 7319 7400 7401 7455 7469 7537 7575 7765 7818 7972 8032 8196 8274 8350 8435 8453 8462 8721 8736 8845 8874 8923 9065 9329 9462 9567 9607 9670 9745 9751 9807 9833
87 167 400 404 415 540 776 847 909 967 1020 1116 1150 1396 1407 1613 2027 2071 2083 2195 2302 2576 2583 2832 2859 2911 2932 2958 2977 2988 3156 3187 3190 3260 3436 3544 3674 3721 3752 3835 3854 3966 4243 4322 4391 4497 4506 4842 5075 5080 5140 5419 5436 5686 5710 5793 5917 5940 6020 6052 6305 6351 6522 6563 6733 6760 6953 7031 7151 7154 7170 7335 7399 7457 7476 7527 7581 7630 7667 7668 7937 7988 8043 8160 8176 8238 8382 8443 8499 8511 8627 8813 8895 8922 8933 9074 9156 9377 9441 9457 9464 9597 9981
88 81 159 171 256 294 526 744 993 1288 1511 1586 1608 1649 1768 1827 1910 1981 2076 2080 2154 2178 2343 2466 2580 2651 2760 2831 3016 3135 3154 3213 3262 3452 3522 3947 4025 4110 4128 4214 4273 4342 4348 4373 4424 4542 4550 4740 4871 4958 4960 5061 5077 5220 5239 5241 5244 5403 5567 5897 5985 6343 6408 6409 6484 6623 6643 6686 6726 6783 6860 6915 7136 7262 7415 7531 7553 7731 7761 7769 7775 7901 7961 8185 8322 8611 8636 8673 8681 8750 8909 8918 8950 8985 9048 9290 9650 9842 9905 9925 9951 9956
89 162 215 275 462 541 619 647 808 822 829 898 962 1038 1064 1178 1392 1494 1496 1571 1667 1779 1946 1999 2021 2103 2240 2346 2408 2622 2679 2692 2771 2778 3121 3210 3267 3594 3633 3917 3999 4024 4039 4114 4144 4215 4232 4262 4265 4570 4626 4650 4736 4751 4903 5089 5135 5230 5274 5337 5439 5545 5571 5729 5876 5968 6031 6150 6340 6427 6489 6510 6544 6691 6729 6770 6807 6821 6830 7024 7219 7269 7287 7382 7443 7580 7707 7739 8157 8261 8420 8489 8565 8692 8793 8824 8924 9085 9122 9374 9385 9489 9520 9532 9551 9845 9902
90 303 406 412 828 943 955 1086 1175 1198 1398 1443 1478 1530 1540 1587 1759 1792 1874 1942 2070 2392 2435 2524 2558 2623 2775 2845 2880 2896 2965 2982 3064 3204 3246 3256 3388 3393 3609 3653 3897 3901 3965 3991 4146 4221 4370 4436 4507 4524 4546 4564 4621 4732 4830 4933 5180 5237 5395 5469 5588 5681 5764 5811 5846 5858 5912 5923 6006 6073 6211 6296 6446 6528 6738 6748 6914 6975 7063 7112 7124 7184 7201 7205 7339 7442 7482 7712 7757 7849 7931 8354 8403 8430 8519 8568 8657 8802 8851 8864 9100 9111 9193 9227 9786 9945
91 54 178 495 588 598 656 783 936 971 1015 1016 1054 1118 1193 1525 1534 1848 1861 1867 2056 2060 2081 2128 2295 2336 2482 2805 3025 3037 3045 3488 3657 3699 3900 4177 4226 4329 4383 4487 4529 4634 4957 5325 5426 5598 5670 5754 6058 6202 6284 6319 6559 6755 6851 7064 7073 7321 7343 7367 7393 7430 7448 7633 7700 7724 7794 7887 8107 8133 8247 8258 8450 8470 8533 8570 8832 8856 8900 8946 9063 9185 9196 9218 9241 9304 9552 9747 9754 9917
92 23 28 85 100 211 289 360 484 559 816 871 873 956 1169 1182 1219 1570 1676 1695 1859 2444 2858 2981 2999 3048 3173 3291 3360 3377 3382 3386 3645 3733 3747 3879 4196 4212 4363 4406 4611 4630 4658 4772 4839 4965 5053 5261 5372 5379 5401 5413 5449 5474 5515 5741 6096 6130 6133 6267 6273 6326 6330 6384 6393 6418 6464 6560 6786 6874 6960 7011 7082 7177 7274 7378 7540 7545 7611 7917 7938 7962 8169 8199 8264 8307 8557 8667 8679 8732 8745 8761 8842 9008 9032 9199 9467 9471 9540 9756 9933 9940 9996
93 32 41 66 146 197 257 301 353 642 662 765 903 920 998 1081 1250 1274 1320 1507 1578 1601 1641 1719 1888 2063 2114 2388 2540 2553 2609 2610 2613 2745 2758 3188 3245 3278 3538 3710 3859 3958 4204 4310 4403 4624 4720 4721 4848 4875 4896 5052 5267 5407 5466 5492 5678 5694 5751 5812 5945 5952 5964 6286 6462 6515 6539 6598 6708 6712 6713 6782 6825 6856 6879 6926 7357 7532 8253 8474 8543 8585 8784 8872 8878 8883 8889 9232 9256 9323 9343 9405 9557 9748 9774 9799 9835 9843
94 84 106 194 206 244 403 436 543 609 747 768 781 798 1110 1172 1251 1553 1598 1745 1808 1830 1929 2005 2160 2251 2441 2559 2846 2964 3059 3091 3124 3189 3301 3332 3346 3390 3392 3417 3518 3529 3571 3659 3751 3763 3813 3847 3920 3960 4138 4283 4305 4374 4411 4498 4609 4707 4914 4924 5026 5063 5110 5281 5672 5833 5857 5953 6110 6250 6297 6416 6439 6656 6695 6705 6806 6957 7120 7374 7569 7669 7732 7824 7839 7876 8016 8153 8175 8491 8505 8581 8665 8670 8846 9212 9217 9296 9306 9564 9618 9636 9647 9718 9895
95 103 302 428 515 830 918 937 1087 1126 1231 1411 1770 1922 2118 2263 2326 2390 2442 2469 2480 2615 2657 2696 2733 2903 2933 2975 3071 3192 3282 3307 3443 3469 3612 3762 3785 3790 3864 3907 4233 4440 4492 4583 4660 4722 4738 4795 4831 4844 4884 4931 5116 5176 5186 5286 5350 5396 5422 5442 5738 5896 5988 6059 6088 6288 6554 6565 6620 6672 6774 6804 7055 7190 7297 7342 7360 7660 7981 8009 8054 8155 8306 8352 8367 8455 8477 8538 8759 8776 8847 8882 8926 9349 9442 9470 9481 9758 9760 9838 9901
96 115 121 174 201 204 340 392 397 493 581 664 795 866 879 899 911 921 1003 1032 1078 1216 1282 1380 1546 1887 1978 2111 2133 2170 2236 2317 2474 2483 2607 2639 2649 2792 2904 3050 3103 3466 3552 3662 3702 3829 3842 3916 3926 4206 4220 4223 4482 4556 4743 4779 4798 4907 4926 4938 4973 4976 5236 5327 5724 5735 5756 5841 5914 5941 5970 6400 6438 6603 7022 7045 7061 7446 7852 7958 8056 8058 8138 8369 8385 8408 8416 8569 8650 8663 8694 8820 8912 8915 9258 9298 9336 9417 9476 9710 9785
97 16 31 33 200 269 273 337 457 470 624 970 1098 1148 1161 1315 1462 1564 1582 1710 1740 1764 1785 1919 2291 2467 2499 2603 2647 2720 2731 2815 2850 2991 3036 3083 3134 3168 3199 3398 3445 3551 3624 3630 3680 3872 3928 4004 4033 4241 4416 4620 4691 4790 5373 5456 5512 5711 5934 6118 6143 6188 6255 6289 6370 6422 6523 6866 6991 7056 7358 7396 7434 7503 7548 7577 7598 7705 8037 8148 8228 8535 8660 8675 8783 8800 8840 8843 8940 9112 9269 9318 9345 9353 9652 9677 9794 9864 9986
98 67 163 189 210 391 402 605 606 632 693 810 823 1095 1232 1279 1352 1449 1454 1636 1870 2097 2108 2189 2303 2604 2691 2710 2781 2910 2974 3035 3046 3136 3329 3356 3542 3648 3690 4111 4247 4346 4397 4502 4633 4761 4807 4819 4826 4866 4870 5090 5168 5177 5213 5227 5433 5930 5983 6066 6281 6357 6644 6654 6688 6835 6939 6998 7038 7072 7491 7556 7634 7686 7699 7770 7929 8017 8027 8050 8077 8101 8323 8738 8834 8859 8899 8954 9202 9446 9539 9687 9694 9705 9839 9858 9937 9950
99 250 265 272 424 686 900 1039 1090 1353 1402 1408 1461 1616 1818 1850 2320 2322 2430 2520 2616 2666 2694 2713 2784 2818 2967 3242 3413 3426 3430 3506 3523 3586 3780 3852 3870 4052 4074 4140 4271 4293 4577 4595 4597 4601 4877 4987 5027 5127 5163 5363 5523 5591 5679 5792 5834 5843 5855 5870 5910 5915 5916 5971 5989 6015 6225 6298 6352 6381 6430 6435 6621 6843 6961 6989 7018 7143 7235 7285 7289 7481 7509 7533 7680 7829 7983 8524 8564 8734 8742 8754 9096 9119 9132 9194 9229 9265 9346 9420 9443 9663 9679 9848 9896
